Job ID	Resource 1 Utilization	Resource 2 Utilization
456	0.216042	0.219400
925	0.228333	0.244000
3004	0.224271	0.008300
3761	0.260000	0.209200
4014	0.256354	0.212000
5207	0.247396	0.189000
5368	0.270417	0.308400
6433	0.262604	0.239300
8226	0.257812	0.182300
8291	0.283542	0.191600
9817	0.234687	0.215300
10161	0.267604	0.194100
10256	1.957500	0.060400
11089	0.230000	0.206500
11115	0.191354	0.227900
11130	0.231979	0.161600
11582	0.261354	0.215400
16098	0.270104	0.196700
16338	0.238021	0.202100
17745	0.218333	0.205000
18462	0.247396	0.197300
18541	0.222396	0.198700
18647	0.261875	0.237000
19617	0.256146	0.220100
20646	0.290625	0.396200
21620	0.263125	0.209600
23866	0.245833	0.181000
24063	0.069271	0.011500
24635	0.223438	0.212500
26424	0.248958	0.210000
29670	0.237917	0.245000
31928	0.223646	0.266800
33999	0.225521	0.236800
36286	0.254688	0.190800
36654	0.227292	0.270600
37067	0.258646	0.223600
38944	0.916667	0.264400
39229	0.261562	0.211800
39718	0.266562	0.024200
40795	0.284792	0.024300
41980	0.261458	0.189200
42047	0.263958	0.202600
42802	0.076042	0.002600
42909	0.260417	0.235700
42990	0.375312	0.029400
43720	0.252292	0.208100
43829	0.237292	0.203600
45713	0.476979	0.435900
47808	0.256042	0.189800
48201	0.240937	0.214000
48305	0.248021	0.206700
48981	0.091563	0.002900
49740	0.221354	0.253700
50706	0.276042	0.008500
54118	0.255000	0.205800
54430	5.347083	0.284000
59161	0.540833	0.022400
60035	0.428646	0.416000
61937	25.623542	7.399400
62093	0.124896	0.003200
62398	0.190417	0.170600
62912	0.238750	0.192000
64133	0.073854	0.002700
65918	0.233125	0.189700
66612	0.379167	0.030300
66785	0.301667	0.316500
73404	0.241250	0.199100
75007	15.927812	3.032800
75696	1.305000	0.049600
78850	0.461562	0.200500
79226	0.223438	0.268400
80998	0.171042	0.251300
81571	0.175000	0.205700
81595	0.093125	0.210800
85151	0.226250	0.225400
85388	0.246146	0.198700
85496	0.064375	0.054800
85681	6.714062	0.372500
86088	0.244479	0.228700
87133	2.826875	0.090400
88594	86.208646	3.042500
89634	0.058542	0.105900
91736	4.908542	0.262800
93170	0.219167	0.195800
93912	0.247500	0.192500
95244	0.285729	0.219900
95889	0.221250	0.205400
96216	0.079583	0.005700
97742	0.202708	0.232800
98687	2.846667	0.093300
100187	0.303125	0.288500
102770	96.084792	4.673600
103901	0.282813	0.433600
104461	0.352292	0.025700
104575	0.283646	0.008800
112021	0.523542	5.232700
113377	0.257188	0.191700
113678	0.235625	0.253900
114784	0.239479	0.217400
118815	0.245833	0.259100
120024	0.326354	0.025000
120601	0.077396	0.017000
122822	0.225208	0.228500
122871	0.410313	0.408900
124669	0.077813	0.003900
125254	0.220625	0.214300
125740	0.237083	0.210700
127027	0.181250	0.199000
127743	0.269375	0.193800
128814	0.479479	2.670000
129253	0.264271	0.291500
130273	0.075417	0.003200
132423	0.333229	0.008700
132906	0.184271	0.257300
132910	0.233750	0.244600
133458	0.200208	0.256800
135137	0.248958	0.023000
135694	0.228854	0.454700
136980	0.231979	0.239700
137780	21.485208	0.725100
138134	0.359583	0.331900
142507	32.503854	10.000800
144072	0.258437	0.213800
144478	0.203958	0.164700
144966	0.231667	0.201300
145037	0.232708	0.222600
146486	0.360104	0.449800
147468	0.222812	0.210100
148947	0.363229	0.029100
153032	0.273646	0.507200
153880	0.243542	0.196500
158039	1.922083	0.087100
164075	0.247396	0.266400
164594	0.238750	0.209500
166999	11.083438	2.426700
167232	0.258854	0.472900
167439	0.239687	0.252800
170514	0.213646	0.205100
171229	1.632604	0.107100
173898	2.697500	0.092300
174013	0.113854	0.194100
176161	0.359063	0.029100
180366	0.223021	0.231900
182203	0.243229	0.223400
185195	0.216146	0.205800
187625	2.806979	0.093200
187627	0.251354	0.214900
188164	84.737188	20.733200
188694	0.280625	0.201400
193553	0.077708	0.004200
193831	0.323333	0.024600
193977	0.204479	0.184000
194196	8.150104	0.627700
195433	0.290938	0.024900
197984	0.253021	0.187100
199041	2.819583	0.093700
200365	0.814583	0.038200
201926	929.457708	26.937200
202996	0.321458	0.025800
204272	0.084792	0.005900
205357	0.097292	0.231000
205607	0.248542	0.201000
205859	69.873958	15.031500
206121	2.425937	0.094000
206866	0.222083	0.234600
207099	0.243646	0.195000
208109	0.228437	0.217800
210316	0.220625	0.214800
214082	0.267396	0.215600
214146	0.288438	0.198400
214768	0.388646	2.868100
215646	0.229792	0.008400
218994	3.057500	0.191200
219890	0.064271	0.003700
221112	0.129792	0.644700
226142	25.746458	3.784600
226992	0.240833	0.198300
229282	0.257708	0.189200
229661	5.602500	0.286200
230050	6.796979	0.617100
231149	0.210729	0.230800
231214	0.213229	0.270300
232412	0.265000	0.198900
234966	0.298958	0.375700
235700	0.136979	0.254600
236180	0.198958	0.230600
236687	0.263646	0.236900
238384	0.442604	0.435400
241122	0.255104	0.192500
241462	0.240208	0.212000
241501	0.213958	0.245100
241716	0.249167	0.211500
241802	0.177708	0.280100
243341	0.248646	0.239900
243980	0.366354	0.029700
244081	0.236667	0.218500
244405	0.204792	0.242400
246044	46.757188	6.376700
247015	0.228542	0.213200
247083	0.120833	0.003600
247273	0.035625	0.001000
247854	0.250417	0.207600
248106	0.246146	0.195600
248955	2.070208	0.093100
249083	2.468229	0.187700
250028	0.240729	0.247600
250705	0.246771	0.210100
251023	0.221979	0.178400
251216	0.255833	0.022800
253622	0.283021	0.009000
254132	0.115104	0.007300
254310	20.437500	0.749000
254387	0.283229	0.202700
257702	0.148958	0.132400
258351	0.299167	0.184900
260403	0.246354	0.215200
262392	0.226875	0.218300
262860	0.328437	0.027900
263535	0.059687	0.091400
263649	0.071458	0.002600
264860	0.256354	0.377700
265204	3.393750	0.261100
265737	0.291563	0.296600
266226	34.860833	2.746400
267377	0.768750	4.134300
267754	0.246979	0.183000
267902	0.235729	0.197500
268905	0.291667	0.416900
270226	0.242083	0.218700
270294	0.148229	0.121800
270836	0.268229	0.232100
274034	0.074167	0.003300
275634	0.266250	0.206400
277413	0.236875	0.246700
277620	0.252083	0.222600
278359	0.525833	0.387200
278573	0.206667	0.325400
278938	0.435729	0.371200
280760	0.258021	0.196100
282662	2.143750	0.067400
285543	0.470313	5.232900
285697	0.402187	0.457100
288085	0.259062	0.205700
288973	0.272292	0.210000
289209	0.232708	0.381200
289720	0.251250	0.191800
289963	0.231563	0.200600
290747	11.900833	6.367000
290951	7.475208	0.391200
291934	0.220000	0.211900
294384	0.293646	0.198800
295050	0.216042	0.208700
297624	0.249167	0.205000
298078	0.459688	0.021900
301863	0.242604	0.186700
304039	0.252604	0.291000
306517	0.258125	0.209600
306946	0.093021	0.205800
307439	0.234479	0.192800
307540	0.369583	0.026300
310349	0.433542	0.622800
312764	0.081667	0.007500
314363	0.250729	0.190100
314991	0.240417	0.199300
315114	0.310000	0.198500
315525	0.363438	0.388600
316069	0.968437	0.251700
317134	0.241250	0.203100
320475	2.752396	0.088300
320791	0.204375	0.211800
323582	0.287292	0.025000
324065	0.141250	0.008200
325188	0.163750	0.214000
326269	0.243125	0.202000
327207	0.044792	0.004100
329691	0.251771	0.204100
330776	0.265313	0.008200
331085	0.240729	0.209000
331673	39.606042	2.795600
331693	0.200417	0.198100
332109	0.244792	0.195300
332956	0.077604	0.005200
333174	0.225938	0.207700
334052	0.026771	0.114400
334147	0.219062	0.206600
334578	0.075313	0.002900
336712	7.155625	0.372000
336729	0.252396	0.217000
337183	5.304479	0.271000
337632	0.243750	0.224700
338927	20.536875	0.738100
339439	5.641250	0.296700
340686	0.253437	0.194500
341911	2.881875	0.199200
342920	0.160625	0.238800
347574	0.187812	0.210000
350280	36.010833	10.728000
350342	0.253437	0.023300
353440	0.229479	0.200600
354598	0.152917	0.235100
354625	0.246771	0.204800
355141	0.248333	0.232000
355719	0.100729	0.007600
359473	3.913021	0.195300
359962	0.239792	0.192200
359963	0.227396	0.248800
359984	0.245833	0.190800
360180	0.240313	0.209900
360358	0.255000	0.226000
360665	0.220625	0.237900
362050	0.241667	0.219100
363970	0.236042	0.223700
366209	0.224896	0.228000
368142	2.431250	0.087200
369232	0.247396	0.193700
369640	0.216771	0.280100
369713	2.832083	0.094100
370660	47.956667	6.520400
371026	0.240313	0.192600
372037	0.254792	0.186600
373743	0.268125	0.203300
374904	0.244792	0.182700
375747	0.237396	0.195900
376283	0.250521	0.186800
377383	0.188229	0.284200
378740	0.238958	0.234400
380103	0.150938	0.255800
380108	2.313958	0.070000
380774	0.077708	0.003700
381117	0.139792	0.008200
381342	0.119583	0.075800
383753	0.219583	0.223800
384395	0.048750	0.003900
386156	0.329062	0.472500
391414	0.213750	0.012900
391897	0.185729	0.209700
392556	0.256250	0.229300
394763	6.655833	0.356300
397539	0.276146	0.193100
400518	0.081146	0.086700
404280	0.233437	0.312900
405524	0.247188	0.183500
407011	0.236042	0.232400
407268	0.275938	0.183300
408024	0.075833	0.002100
408089	0.492812	0.463000
408499	0.289479	0.024900
410407	36.059583	11.002100
411049	0.252292	0.184300
413867	0.261042	0.248500
415280	0.233125	0.210800
418874	0.213854	0.244200
419255	5.075729	0.267900
420476	0.249583	0.332100
421656	0.225104	0.211000
421884	0.252917	0.188600
423445	0.241667	0.244600
424185	0.698854	0.103300
424796	0.165937	0.230500
425252	0.230000	0.192200
427459	0.220521	0.209600
428342	0.235729	0.215900
428582	0.260104	0.215600
433399	0.195417	0.216600
434435	0.227083	0.267800
435024	0.249375	0.253000
435737	0.259271	0.419900
437735	3.854271	0.193800
437752	0.197292	0.227100
439224	3.214271	0.196000
440471	140.532292	6.929200
441949	0.247917	0.235600
442834	0.304375	0.009000
443266	0.214479	0.229200
448299	0.248333	0.188200
448798	0.226042	0.245600
450353	0.219792	0.206100
454341	0.276667	0.231100
455974	2.770729	0.088800
455986	0.260833	0.198900
456047	0.241875	0.181400
456610	0.204271	0.183100
459356	0.230521	0.310000
460381	0.219167	0.279500
460522	0.264583	0.184700
461311	0.084062	0.023600
461546	0.048542	0.114700
461686	0.260937	0.214000
462831	5.075833	0.283900
463778	0.280938	0.024900
463968	30.961875	2.769600
465671	0.220938	0.225100
466057	0.448542	0.378800
466798	0.161042	0.223700
467240	0.243750	0.246900
468337	0.252396	0.208100
472321	0.242188	0.204900
472337	0.265729	0.183300
473843	0.251250	0.188700
477795	0.231042	0.204900
479748	0.077396	0.002800
480165	0.308750	0.024600
481381	0.198021	0.212500
482942	0.262708	0.218500
483126	0.232813	0.197300
484234	0.243229	0.223400
486071	0.622292	0.273400
488816	0.073646	0.005600
488954	0.254167	0.272500
489586	3.111146	0.096600
490438	0.236667	0.229200
491059	0.447292	0.022100
491725	0.216146	0.240400
491967	0.217188	0.240200
492596	0.085417	0.005800
492807	0.302812	0.200500
492917	7.717083	0.630200
494544	0.249167	0.217600
496200	0.195312	0.228200
496653	0.197083	0.211500
497744	0.067292	0.010600
498779	5.822813	0.271800
499590	0.150312	0.278200
499822	0.090208	0.008200
500440	0.259896	0.210100
502426	0.229063	0.221900
503002	0.248854	0.203100
503702	0.260417	0.200000
503914	2.936458	0.095100
503950	0.193854	0.255700
504821	0.253854	0.182400
507777	0.228333	0.317600
508954	0.233437	0.233500
508992	1.307396	0.049700
509901	0.266979	0.194200
512120	0.302083	0.025000
512397	0.265417	0.008900
513842	0.263750	0.212700
515403	6.895313	0.369700
515796	0.216771	0.217100
518037	0.085521	0.004500
520021	0.080833	0.002700
522046	0.236563	0.216700
524871	0.252396	0.230900
530341	0.255521	0.197000
533084	0.238542	0.235500
535781	0.220208	0.228300
536370	0.508021	0.542300
536550	0.343438	0.026000
538276	0.277083	0.024800
538495	0.517604	0.402700
538604	0.467083	0.391000
539015	0.179479	0.224400
545058	2.849271	0.094300
548993	11.363437	6.108300
549666	4.791146	0.421800
550897	0.236250	0.216000
550967	0.229271	0.178600
551444	0.246562	0.198500
554039	0.268542	0.244400
554493	7.554688	0.627000
556629	0.244688	0.190900
556999	3.911146	2.373700
559119	0.242812	0.213000
561818	0.480833	0.373600
562648	0.261250	0.186500
564397	0.279792	0.008900
564507	0.237500	0.198200
565500	0.186771	0.202300
565518	0.437917	0.367900
565756	0.224062	0.204700
566183	0.238854	0.195900
570726	2.715000	0.089700
571386	0.250937	0.197000
573503	0.215000	0.240400
575167	0.291667	0.291100
575286	0.217396	0.257700
577388	2.440521	0.089900
578294	0.128750	0.100500
578624	0.325417	0.300400
578766	0.222396	0.248300
581459	0.233125	0.194300
581747	0.441042	5.257500
582019	0.236250	0.194200
583068	0.087292	0.002300
583129	5.262812	0.278000
583930	0.232917	0.217600
586241	0.087292	0.002200
586753	0.017292	0.001600
587244	0.233021	0.202500
587299	0.304479	0.191400
587490	0.277500	0.372000
588203	0.263021	0.190000
588400	0.358021	0.028200
588422	45.443646	2.626400
589760	0.333437	0.024400
589946	11.248229	6.241800
592346	0.257917	0.221900
595146	0.240521	0.233000
595778	0.445729	0.382800
595912	0.262917	0.008200
596408	0.161250	0.223000
597512	84.093854	19.981000
598226	0.323125	0.187600
599649	0.243958	0.205800
609449	0.168854	0.463800
610269	0.205625	0.229000
611613	0.244792	0.190300
611691	0.249479	0.210300
612448	0.243854	0.193700
613612	0.080000	0.003700
616044	0.259583	0.189300
617765	0.232604	0.188400
617939	0.940208	4.232000
618396	0.221771	0.188100
620319	0.406771	0.405100
621354	0.265833	0.187400
624245	0.234479	0.211700
625089	0.093229	0.087200
625119	0.068854	0.004600
625611	22.719896	0.742000
627162	0.224167	0.208800
627732	0.222812	0.238400
629058	0.071979	0.002700
629097	0.166146	0.264000
629382	0.250833	0.237900
629901	0.244479	0.191800
632404	0.255417	0.219800
632509	0.220000	0.186200
633218	0.252188	0.184600
634144	0.060000	0.003600
635290	0.241250	0.214000
635507	0.069062	0.004500
636887	0.071458	0.006400
637472	0.216354	0.209700
638778	3.001875	0.094300
640065	0.233542	0.186900
640590	2.661354	0.068400
641082	0.245729	0.184800
643041	0.301458	0.025000
644437	0.226354	0.205600
646695	0.281042	0.208900
647016	0.272188	0.407200
648594	0.153438	0.229200
652521	0.364896	0.498700
652592	0.271146	0.214500
653032	0.277292	0.229200
653802	0.228958	0.008300
654095	0.083021	0.006200
654394	0.195000	0.263300
655531	2.453021	0.092100
657794	0.066562	0.005500
659911	142.063646	6.839300
660380	0.120104	0.237300
664075	0.081250	0.002000
664763	0.083437	0.003100
665026	0.254271	0.224700
665455	0.221979	0.193500
665925	0.232917	0.240900
666293	0.284375	0.188100
666460	5.072083	0.263800
669090	0.277917	0.218700
669523	0.347187	0.028700
671051	0.257708	0.200900
671170	0.292083	0.025500
671806	0.222292	0.223300
673046	0.248646	0.195000
673856	0.247292	0.197200
674846	28.274896	7.812100
675481	0.274792	0.023300
676189	0.380729	0.031200
677562	0.240208	0.210100
677667	0.259167	0.222800
679306	0.263437	0.204700
679385	0.325833	0.025800
681708	0.233958	0.210600
685576	0.286146	0.194300
686400	0.230937	0.241000
686617	0.256667	0.221200
688007	1.059063	4.236400
688671	0.354583	0.025800
690956	4.998854	0.268500
693963	0.246667	0.226900
695128	0.237708	0.183900
696817	0.255833	0.226000
697210	0.252188	0.201400
697922	0.236354	0.181400
698102	0.089688	0.002800
698614	0.273542	0.194600
699886	0.230729	0.253600
700021	0.361979	0.025800
701298	7.536771	0.603600
701527	0.255417	0.206800
704041	0.271667	0.302700
705723	0.307812	0.025200
706128	0.290729	1.011200
706238	0.269271	0.198000
707028	0.266562	0.208900
708294	0.241146	0.196800
711016	10.525625	6.211800
711310	0.144375	0.151700
711554	0.082917	0.005400
711565	0.340833	3.098200
713024	0.195729	0.213600
714142	0.248854	0.226300
715524	0.698333	1.066500
715740	0.208021	0.308000
715862	0.118542	0.092700
716286	0.237708	0.201000
718789	0.462604	0.372800
720808	0.258542	0.208900
721603	0.211979	0.219700
721619	0.181875	0.276200
725396	0.328958	0.230400
726282	0.255104	0.189300
726611	0.223542	0.451600
726934	0.210625	0.253900
728278	0.270208	0.185000
733824	0.071042	0.004500
733929	0.214896	0.220700
734362	35.113438	10.631300
735005	0.236146	0.279400
735482	31.834375	6.480300
737120	0.238229	0.186200
737191	67.518229	4.595900
738806	0.087604	0.002500
739878	3.777813	12.371300
745180	0.498542	0.022000
745710	0.235104	0.228700
745826	0.248958	0.235000
749207	0.257812	0.216400
749234	0.288542	0.009000
752508	0.083750	0.003700
753431	0.272188	0.206200
753860	0.214688	0.241300
754570	0.233958	0.115300
754820	0.272396	0.024300
755352	0.258854	0.183400
755961	0.244271	0.024000
756311	0.242812	0.210600
756581	0.243333	0.202000
757754	0.273542	0.199200
760465	0.079271	0.002000
760479	0.263958	0.231000
762805	0.235417	0.204400
763669	0.083021	0.002900
768594	0.333125	0.029100
768913	0.100521	0.217100
769529	6.431458	0.311100
771532	2.628646	0.272500
771879	0.158958	0.229800
772118	0.248958	0.204000
772428	0.005208	0.000200
772437	0.281146	0.417200
774644	3.424896	0.448400
776942	0.117292	0.235500
777507	0.234167	0.207000
777517	0.259583	0.200700
778715	0.262188	0.192300
778749	0.255729	0.196600
779229	12.641875	9.130900
783265	0.219271	0.247700
784449	16.596458	3.152500
786083	0.464583	2.790700
787001	0.275938	0.217700
787485	0.252083	0.226400
787778	0.230521	0.184900
789152	0.239271	0.229900
790130	0.239479	0.205300
792161	0.071250	0.003200
792402	0.450000	0.362900
792414	0.239167	0.201200
792687	0.062292	0.007000
793512	3.636979	0.281300
795100	0.225625	0.213200
795334	15.306771	3.103600
797524	0.318750	0.025400
797865	0.056250	0.114700
799148	0.077604	0.002700
799574	2.773229	0.092600
799608	0.400417	0.539600
800597	0.211875	0.225300
801339	0.279167	0.202800
802719	0.236771	0.186500
804179	100.259792	4.580500
804943	0.070000	0.007300
808610	0.010417	0.000400
808745	0.862083	1.215700
810361	0.264167	0.008200
813277	0.355938	0.028600
814881	1.968125	0.111600
816771	942.399375	26.954300
816906	0.230313	0.249000
817274	0.229375	0.296700
817463	26.952813	3.865000
821677	0.256771	0.202300
822850	0.252917	0.193500
823951	0.239687	0.214700
826562	0.237187	0.215500
826789	0.245833	0.197800
828477	0.354375	0.028300
831153	0.287813	0.284300
832933	0.200937	0.222600
833773	0.268646	0.259200
833915	0.274375	0.288600
837066	124.729583	6.719800
837201	0.255208	0.187100
837531	0.150312	0.278400
837707	504.802292	29.154200
838794	0.237187	0.199300
839312	0.260937	0.204000
839328	0.235208	0.199000
843085	0.279062	0.204400
843250	0.222708	0.236500
848823	0.267500	0.214000
849399	0.191354	0.268900
851624	0.216458	0.198100
852442	13.542500	9.307500
853823	0.036250	0.003300
854420	0.216458	0.199000
854788	0.075833	0.004400
855710	0.245729	0.198800
857147	0.234479	0.214600
857435	0.250937	0.198300
858307	18.044583	0.732300
858836	0.348958	0.029500
860668	0.224375	0.258400
860781	26.147188	0.831900
861584	0.255417	0.226700
861878	0.293438	0.008900
863986	0.265521	0.198000
865206	37.217917	11.054400
868062	137.700729	6.832400
870584	0.078125	0.003500
871627	0.246250	0.197500
872012	0.070938	0.006900
872274	0.261771	0.175900
874852	0.235937	0.208600
879209	22.871458	6.724200
881351	0.309583	0.024600
882371	0.247188	0.265300
886451	2.412396	0.181400
886605	85.237604	20.459400
887731	0.171771	0.643900
890931	0.375937	0.029500
893160	0.248125	0.213700
896664	0.221875	0.241600
897375	0.205625	0.259600
899009	2.827083	0.187600
902190	0.179583	0.199200
902260	0.265417	0.223800
903507	0.234063	0.190900
903610	0.180625	0.480100
905134	0.008333	0.001200
905647	0.050521	0.092500
906194	0.281667	0.188300
906607	0.355208	0.025900
908544	0.333958	0.245300
909049	0.206875	0.206100
909324	4.489167	0.152700
910067	0.281979	0.025000
910578	1.462813	3.365000
913382	4.083750	0.275100
914895	6.746771	0.611900
917847	0.274062	0.192100
918534	0.291875	0.435200
919195	0.010417	0.000200
919633	0.205417	0.218400
920244	0.183229	0.258400
924497	0.226042	0.188600
925531	0.235729	0.211600
928783	0.202604	0.206100
930378	0.248229	0.183200
930492	1.159687	0.048700
930653	0.274062	0.209400
930800	0.247917	0.008300
931144	0.230000	0.251300
931382	0.199375	0.310700
932423	0.260625	0.206200
934829	0.244896	0.199200
936031	0.289167	0.216500
936174	0.217396	0.264700
936322	0.216562	0.233700
937310	2.906563	0.092400
939528	0.219271	0.185200
941818	0.218333	0.168800
943294	0.080417	0.006200
943414	0.236042	0.196200
945725	0.244896	0.189100
947756	0.161979	0.244700
948737	0.216458	0.246700
950547	0.220625	0.197200
951048	0.291979	0.267700
952385	0.273854	0.188600
952387	0.244688	0.190900
952924	0.281042	0.184500
957341	0.343021	0.028100
957597	0.224375	0.206200
958586	0.243438	0.244800
959668	0.254688	0.008300
960087	0.243229	0.008200
961394	82.702292	3.139900
962773	0.220417	0.203800
963374	0.229583	0.229100
964726	0.239792	0.206600
964923	0.247604	0.211000
965880	0.197396	0.212300
966723	0.241146	0.211200
967737	0.242396	0.263000
971496	0.250000	0.190700
972915	0.071875	0.002900
973227	0.279271	0.491200
975608	0.196771	0.260700
975621	0.193542	0.461200
976427	0.078646	0.002500
977898	0.278333	0.185500
983297	0.243125	0.182500
987247	2.741771	0.096400
988935	0.264167	0.195200
992140	0.261250	0.185300
994993	2.882500	0.094100
995024	0.212500	0.490700
995050	0.246458	0.214000
995231	0.823646	0.171400
995565	0.243750	0.211300
997882	0.224375	0.206400
997976	0.191875	0.240900
998041	4.342292	0.266500
998436	0.206771	0.223500
999281	0.317500	0.219700
1000336	0.235417	0.194100
1001354	26.143958	3.569500
1002399	0.289583	0.009100
1005256	0.253958	0.257200
1005561	0.240625	0.180100
1005932	0.279062	0.336600
1007295	0.265937	0.421100
1007508	0.251667	0.207000
1008214	0.236563	0.195900
1011815	0.228229	0.199400
1011874	0.371146	0.425700
1012035	0.230208	0.216700
1013222	0.281979	0.201700
1015619	0.277813	0.195900
1019052	0.246354	0.232800
1019742	0.200833	0.211400
1022781	0.264062	0.179400
1025688	0.162500	0.276000
1026179	0.241042	0.273000
1027114	0.215208	0.221600
1027896	0.308125	0.025400
1029045	0.254792	0.184000
1029762	0.258750	0.189000
1033243	0.218958	0.232100
1036046	0.370208	0.028100
1037711	0.482083	5.225800
1043176	0.254271	0.192900
1044001	0.050104	0.004800
1048063	0.417396	0.449600
1048324	0.352812	0.371600
1048472	0.253542	0.245100
1048984	0.157917	0.319400
1049003	0.262604	0.186900
1049349	0.211771	0.263100
1050868	0.167292	0.333800
1051977	0.266042	0.235400
1062384	0.188125	0.204500
1064840	0.205937	0.213200
1068246	0.221042	0.266200
1069720	0.250000	0.256900
1070324	0.246979	0.205900
1070352	0.211875	0.250500
1070404	1.162083	0.064700
1071332	0.219792	0.201600
1073107	0.231042	0.188500
1074808	32.748750	2.866600
1075587	0.239271	0.252600
1076543	0.249792	0.205100
1079129	0.253125	0.209700
1080048	0.236979	0.216400
1080332	0.438854	5.282600
1081919	0.274792	0.220800
1082717	0.075417	0.005400
1082726	0.286562	0.209600
1084442	3.241771	0.196500
1085438	0.369688	0.029400
1085660	0.240521	0.198700
1085938	0.264375	0.211900
1088404	0.246979	0.210700
1088700	0.310312	0.336100
1089012	0.256354	0.219500
1091115	0.258125	0.204100
1094063	0.225417	0.191100
1096528	0.226875	0.202000
1098051	0.246667	0.191600
1098437	0.221875	0.213700
1099760	0.169896	0.329700
1100453	3.610625	12.321700
1100610	0.077396	0.002500
1103045	2.727187	0.095800
1103519	0.356875	0.028100
1104279	0.083437	0.003900
1106141	0.240208	0.198100
1106167	0.259271	0.185200
1107610	0.226146	0.216800
1110057	0.273229	0.263600
1110786	0.230833	0.225800
1110898	0.250312	0.209000
1114897	0.215000	0.224600
1115081	0.216042	0.246400
1117402	0.274896	0.180000
1117647	0.425104	0.375600
1118651	0.254479	0.023000
1120120	0.245625	0.245500
1121184	7.786042	0.632200
1121882	0.167292	0.439300
1123258	0.377500	0.029200
1124668	0.221354	0.238600
1125463	13.383854	9.515200
1127885	0.256667	0.238400
1128202	0.240625	0.412300
1129867	0.353438	0.443700
1130414	11.829062	6.179000
1130655	2.254271	0.095200
1133166	0.067604	0.008300
1133851	0.076771	0.004600
1134157	0.226354	0.248400
1134517	12.663125	9.518800
1135360	0.224688	0.176800
1135554	0.258021	0.205200
1136342	8.290521	5.871200
1137852	0.309479	0.209100
1139943	0.275208	0.206600
1141517	1.134271	0.049100
1141559	7.418646	0.631800
1142886	0.223542	0.233700
1145109	5.575521	0.337800
1145323	0.071563	0.004400
1147075	0.577917	0.026900
1147404	0.267708	0.197300
1147923	0.478542	0.432800
1150038	0.204792	0.209000
1150787	0.228542	0.224400
1150907	0.048750	0.002800
1152030	0.272188	0.246900
1153839	0.243958	0.193800
1154312	0.231042	0.178400
1155892	0.257812	0.253100
1158373	0.381563	0.029600
1158676	0.224062	0.225700
1158836	0.246979	0.220600
1159286	0.229271	0.209700
1161661	0.080833	0.241100
1163379	0.217396	0.321000
1165254	2.342812	0.200200
1165729	0.255104	0.186900
1165833	0.131354	0.249500
1167651	0.250833	0.213000
1168993	0.254479	0.191800
1169064	0.628125	2.702800
1171395	0.195208	0.228200
1172109	0.076667	0.003000
1173409	0.237396	0.201500
1173413	0.247917	0.200800
1174272	0.283125	0.194300
1174716	0.298333	0.024900
1176699	0.078229	0.003500
1178040	0.254375	0.194600
1178063	0.248229	0.209100
1178392	0.241563	0.209400
1179147	0.016458	0.001500
1180411	0.237083	0.226300
1182025	0.250417	0.213200
1182345	0.232917	0.186700
1182470	0.268229	0.199800
1183152	0.251354	0.197400
1186263	0.050417	0.001900
1187328	0.262500	0.204900
1187453	2.466771	0.089400
1188276	0.247083	0.282400
1189698	0.251979	0.219000
1189804	0.225938	0.202600
1189936	2.127083	0.182900
1190455	0.376979	0.535200
1191360	0.285417	0.206500
1191374	0.231458	0.227600
1191630	0.267708	0.197900
1192468	0.780729	1.272000
1193371	0.411458	0.459800
1194138	0.167396	0.235400
1194448	6.079271	0.313900
1196763	0.407396	0.459200
1199489	0.230313	0.175700
1203137	0.222083	0.208200
1203930	0.283958	0.281400
1205522	3.626250	12.169300
1205790	6.669688	0.353600
1207309	0.200937	0.199500
1208247	16.336875	3.082800
1209909	0.241875	0.234400
1211607	0.245208	0.207700
1212073	0.334375	0.028000
1213115	0.254896	0.207700
1213475	0.010417	0.001300
1213732	0.326354	0.429600
1215353	0.236667	0.305000
1216579	0.314479	0.025900
1216661	0.223438	0.199400
1216855	0.131771	0.006200
1219802	0.224688	0.238800
1221924	0.253229	0.207200
1222806	0.228437	0.008400
1223743	0.218646	0.209800
1226221	0.236771	0.318600
1226432	0.223750	0.199000
1226631	2.061562	0.112000
1227451	0.279271	0.227300
1231099	38.755729	2.773400
1231896	0.272813	0.218700
1232016	0.158125	0.244900
1233675	4.943854	0.150900
1234915	0.084271	0.003000
1236438	4.626771	0.281600
1236760	0.225312	0.244200
1239669	0.223646	0.229500
1241878	0.161667	0.249800
1244104	0.205000	0.235400
1244824	0.256563	0.199700
1245117	2.660417	0.183500
1251283	0.214688	0.206500
1252400	0.248542	0.184100
1253883	0.251354	0.226700
1255172	0.167604	0.406400
1257135	0.193125	0.517900
1259739	0.555417	0.031000
1260194	0.263333	0.196500
1260342	0.269479	0.245300
1263134	0.219792	0.231000
1263378	0.317396	0.532400
1264771	20.594062	0.741200
1267334	0.267292	0.206100
1267844	0.237396	0.196300
1268024	11.095625	2.411900
1269349	2.926146	0.098300
1270783	0.303021	0.009000
1271619	0.252083	0.385200
1271700	0.392396	0.549700
1271711	0.504062	0.413500
1272079	0.312500	0.025600
1272795	0.293750	0.328900
1273508	0.258125	0.206900
1273829	0.077292	0.003700
1275451	0.235521	0.223900
1275732	0.254063	0.188400
1276180	0.263125	0.194400
1281536	0.238021	0.215500
1283049	0.273333	0.008900
1283746	0.269375	0.205700
1284946	0.219896	0.201000
1285403	0.301667	0.188900
1286297	0.209896	0.210100
1287468	0.242083	0.247200
1287542	0.292604	0.025100
1289317	0.079792	0.006000
1290708	0.271458	0.206400
1293427	0.244896	0.234000
1295027	0.288750	0.013700
1295292	0.231042	0.273700
1295373	0.079479	0.002900
1295770	0.220625	0.170700
1295933	0.212708	0.175800
1299214	0.080521	0.002400
1299803	0.224688	0.232900
1300733	0.211354	0.012900
1302653	0.273750	0.205800
1304103	0.288021	0.210600
1304752	0.174896	0.312700
1308680	0.162708	0.008200
1308782	0.396146	0.029400
1309505	0.083750	0.004500
1309549	3.284063	0.413800
1310715	0.457813	0.362500
1312651	0.183438	0.214100
1313884	0.267292	0.193400
1314178	0.293021	0.281800
1316056	0.224271	0.272800
1317309	0.238229	0.227100
1319843	18.975417	0.745600
1320324	0.238646	0.238700
1322205	33.073854	2.799100
1323060	0.076458	0.008000
1325173	26.698021	3.881300
1325365	0.247917	0.199300
1325998	0.079062	0.004500
1326485	0.247500	0.218500
1328056	0.269792	0.183400
1331235	0.253021	0.199500
1331580	0.251458	0.245300
1335477	0.206771	0.215300
1339142	0.443958	0.395700
1340426	0.258229	0.212400
1341440	0.378958	0.038200
1343185	0.199896	0.219700
1343387	0.072083	0.005500
1347535	0.212188	0.293100
1347863	0.263854	0.198300
1349332	0.258125	0.223300
1350462	0.238021	0.204000
1350791	44.399896	5.983000
1353209	0.330104	0.415600
1353777	0.429063	0.036600
1355050	0.249167	0.244600
1355313	2.054896	0.060100
1355671	0.299271	0.200400
1355709	0.076667	0.003300
1359639	2.457917	0.184400
1360386	0.208646	0.190100
1361936	0.367917	0.029400
1363234	0.250104	0.248000
1364141	4.723021	0.431000
1364660	0.244062	0.223000
1365467	0.108958	0.004300
1365690	0.249167	0.215200
1365832	0.293854	0.182600
1366802	0.200521	0.273700
1368411	0.214583	0.221000
1370557	0.291042	0.024700
1370758	0.217188	0.219600
1372773	0.280938	0.185500
1373934	0.367708	0.028400
1376917	32.777813	10.092400
1378419	0.236875	0.199800
1379598	0.226042	0.208200
1380769	136.070938	6.825500
1382234	0.135833	0.266200
1382754	6.532813	0.344100
1383326	0.257500	0.200500
1383420	0.264896	0.318700
1385122	0.321771	0.415500
1387671	0.349792	0.025600
1388161	0.252292	0.011800
1388873	0.251250	0.241000
1395543	0.250104	0.187900
1396422	0.266771	0.182600
1397283	0.235729	0.193200
1397709	0.231667	0.238000
1399418	0.288542	0.294000
1401644	0.698125	0.120500
1402716	1.083750	0.039600
1403652	0.915729	0.242700
1408541	42.625104	13.369400
1409355	38.492812	2.699000
1409863	0.229896	0.185600
1411003	0.073542	0.009500
1412280	0.269688	0.189400
1414832	0.213021	0.243000
1417474	0.172708	0.390200
1417642	0.258750	0.220700
1419408	47.608854	6.048800
1419418	0.137396	0.008200
1420163	3.023750	2.332300
1420428	0.079792	0.003900
1420722	0.526667	0.030700
1423554	0.249062	0.215900
1426253	0.149896	0.445300
1426357	0.178229	0.219000
1428531	0.219167	0.227000
1428975	0.222083	0.186600
1430117	0.240208	0.226200
1430158	0.285208	0.009000
1430671	0.358229	0.509000
1431269	0.277813	0.281300
1431572	0.208750	0.234100
1433128	0.231146	0.229600
1434865	0.170000	0.438700
1435977	0.081979	0.008400
1443271	0.255833	0.203900
1443781	0.233333	0.201600
1445208	0.226354	0.209200
1446340	0.345208	0.024500
1446838	0.257188	0.252300
1447346	0.177500	0.013000
1447979	0.169063	0.008300
1449927	0.220000	0.283500
1449950	0.287708	0.217000
1452880	0.260313	0.189600
1456962	0.248125	0.214500
1457843	0.236563	0.277300
1460624	0.308750	0.025600
1461609	0.268542	0.231700
1462119	0.103854	0.084500
1465809	0.262813	0.008300
1466102	0.194792	0.222700
1466741	0.240833	0.206100
1468588	0.201042	0.229300
1472963	0.229896	0.251300
1473924	0.269792	0.014900
1473963	0.781563	0.961900
1479149	0.234271	0.211200
1479271	0.266562	0.024900
1486702	0.254271	0.224700
1487150	0.240208	0.199000
1487394	0.288229	0.198100
1487871	0.076667	0.004400
1487970	0.376563	0.029700
1490197	0.246771	0.194400
1490785	0.241563	0.226300
1491065	0.276875	0.186900
1491746	0.254375	0.223300
1493290	0.170729	0.434400
1493370	0.235104	0.198300
1495188	0.227917	0.235900
1495289	0.194062	0.212200
1497350	0.197396	0.201600
1498118	0.274792	0.024500
1501292	0.475729	0.405300
1502804	0.233646	0.232000
1505346	0.548229	0.386200
1507028	0.347292	0.196100
1509132	0.232083	0.247600
1510084	41.821771	2.759800
1512202	0.216979	0.183900
1512496	0.220625	0.221200
1512557	0.070625	0.002800
1513701	0.232187	0.215500
1514110	3.003958	0.092600
1515941	0.290625	0.209700
1516110	0.251979	0.216600
1516632	0.265000	0.211700
1519163	0.249896	0.190000
1520025	0.258750	0.200300
1524000	0.299375	0.009000
1529785	0.165208	0.224200
1531146	0.250625	0.187000
1531486	0.270729	0.213400
1534082	0.283750	0.263200
1539477	5.091458	0.255800
1542861	0.303958	0.396200
1545146	4.526562	0.280100
1546079	2.822917	0.091500
1549642	2.959583	0.094000
1553930	130.430208	6.946600
1554601	0.269688	0.220000
1557937	1.007187	4.210600
1558900	37.329062	11.153700
1559016	0.253646	0.223000
1561922	0.262813	0.209500
1564693	0.077708	0.003600
1565505	0.261875	0.192300
1565851	0.268542	0.226900
1567161	2.871771	0.092600
1567555	0.240729	0.227500
1567682	0.253333	0.235100
1569694	0.402292	0.386700
1576762	10.090729	6.059900
1576896	0.241667	0.202600
1577069	0.244375	0.207900
1577562	0.277604	0.191500
1578115	0.237083	0.197500
1579106	0.302708	0.181200
1582989	0.255104	0.212000
1584335	5.221250	0.277800
1585468	0.271250	0.193700
1586435	0.390521	0.491000
1587849	0.231875	0.209900
1588957	0.058646	0.004700
1591756	0.162188	0.221900
1593683	0.248542	0.219500
1595065	0.094271	0.005000
1595128	0.229271	0.228500
1595203	26.763646	3.582300
1599045	3.573437	0.450700
1599219	0.276250	0.172300
1601223	0.051042	0.080800
1601390	0.239896	0.201400
1601608	0.069271	0.009100
1608055	31.033750	2.838100
1611162	0.056042	0.006700
1611378	0.187500	0.325000
1616623	0.225417	0.246200
1617156	0.277187	0.197700
1619172	2.599063	0.084100
1619230	0.204583	0.234400
1624084	0.256875	0.224800
1625390	0.272083	0.215100
1626167	5.913750	11.044200
1628994	0.110104	0.007500
1631100	9.035000	3.537000
1632271	0.308125	0.189400
1635287	0.217083	0.230100
1636477	0.261458	0.205400
1637555	0.126562	0.003300
1638509	0.270104	0.008300
1639255	0.256250	0.204500
1639738	0.234063	0.301300
1640665	0.227396	0.197100
1641999	0.255000	0.190900
1642155	0.077500	0.011600
1643385	0.269688	0.024800
1644562	1.021771	4.208300
1645413	0.269688	0.024500
1645676	0.317812	0.025500
1647192	0.238229	0.196400
1647369	0.429896	1.102700
1647807	0.247500	0.210000
1648819	0.081250	0.013500
1648856	0.386667	0.029500
1649972	0.262083	0.189100
1650069	0.504062	2.945200
1650214	0.212708	0.214100
1653515	0.366979	0.028200
1653605	0.460938	0.358500
1654311	0.244688	0.204200
1655455	0.077917	0.002000
1656092	0.287813	0.008900
1657757	0.247396	0.197500
1659583	0.088125	0.008900
1662088	0.251563	0.191200
1662978	0.224271	0.207600
1663639	0.444271	0.573700
1668109	0.259896	0.218100
1668157	0.292292	0.289700
1669466	0.085625	0.002700
1670058	0.251667	0.183800
1670197	2.263958	0.190500
1670312	0.221458	0.227400
1671044	6.032292	0.323800
1671875	0.208750	0.270500
1674161	0.216250	0.223900
1675073	0.375104	0.029400
1676493	0.072813	0.003300
1676587	0.457188	0.602300
1677514	0.236979	0.203700
1677620	0.225521	0.197600
1677755	0.193750	0.215200
1679217	0.321771	0.376500
1684363	0.256354	0.200000
1685566	0.247708	0.202200
1685733	0.223438	0.373600
1685933	3.485417	0.262000
1686136	0.252292	0.341300
1686657	0.269271	0.008300
1688460	0.266771	0.212100
1688948	0.263125	0.207900
1691116	30.127604	2.760600
1691566	0.228542	0.204300
1693621	0.179167	0.233900
1695423	0.240208	0.173700
1695972	0.286250	0.009000
1697927	0.260313	0.198000
1699201	964.807604	133.603900
1699434	0.220729	0.203900
1699899	0.241250	0.198200
1700767	0.068125	0.002900
1701060	0.375937	2.571700
1701144	0.241563	0.201500
1701973	0.088542	0.003900
1702391	0.759896	1.040300
1702465	0.246979	0.008200
1705686	0.045521	0.001200
1706453	0.153542	0.008300
1707527	0.080312	0.004600
1707592	0.233854	0.191800
1707831	1.933333	0.108800
1708654	12.594271	9.512200
1710989	0.202604	0.215900
1715678	0.258229	0.188900
1716824	0.288958	0.184100
1721198	0.705937	0.251400
1721612	4.125729	0.434200
1722373	0.227708	0.222400
1722778	0.083333	0.004300
1722797	0.874062	0.048800
1723571	0.168542	0.234500
1724591	0.160625	0.274600
1724623	0.247188	0.203700
1724850	0.223333	0.242100
1728544	0.241458	0.201300
1729136	4.873854	0.263000
1733889	0.233750	0.319400
1736106	0.243333	0.213400
1736663	0.076771	0.004500
1738304	85.070000	20.590000
1739531	0.255729	0.202500
1740731	0.400521	0.366700
1741519	0.241771	0.303700
1742781	0.212917	0.246800
1744890	0.264062	0.234100
1745576	0.257396	0.195600
1746918	0.247917	0.214900
1748334	0.327500	0.024700
1751197	0.324062	0.249800
1752612	0.257812	0.206000
1753394	0.474167	0.396600
1753691	0.242500	0.214200
1755276	0.247812	0.244400
1756373	0.040521	0.002600
1758010	0.443646	0.370600
1759313	0.233542	0.202700
1759472	0.228854	0.200300
1759568	0.269896	0.024400
1760969	0.229583	0.182700
1762902	0.380417	0.029700
1763844	0.246979	0.200800
1765140	2.564687	0.087200
1765717	0.070312	0.003800
1767599	0.270833	0.185400
1767750	0.391146	0.023700
1767754	0.255625	0.197700
1768255	0.355417	0.030000
1769272	0.430937	0.417900
1769975	0.306771	0.299100
1770575	0.255208	0.230400
1770653	0.204479	0.008200
1771083	0.207917	0.209800
1772038	2.089688	0.067200
1772470	0.056458	0.008000
1772881	0.223333	0.179600
1773573	0.369688	0.516400
1774044	0.489792	0.438900
1775247	0.244583	0.197000
1778303	0.216042	0.224600
1779090	0.451250	2.837500
1781401	0.231042	0.203500
1781486	0.249896	0.231100
1782147	0.256875	0.195900
1783662	0.116354	0.003300
1783822	0.074583	0.159100
1785514	0.291667	0.197100
1785682	0.222188	0.215800
1788323	0.243854	0.191600
1790655	0.226979	0.202100
1792476	0.016146	0.001500
1799111	0.215521	0.235100
1799784	0.217604	0.212000
1800803	0.085729	0.003000
1802655	0.258542	0.189500
1804237	0.260729	0.023100
1804760	0.255625	0.180100
1805151	0.317396	0.024600
1806434	0.221562	0.322100
1807867	0.251667	0.191400
1810420	0.233646	0.199100
1810984	0.201458	0.201800
1811212	0.231354	0.198700
1812310	2.656979	0.088800
1813793	0.260729	0.238700
1813894	0.083021	0.002400
1818670	0.242292	0.200600
1820499	0.190000	0.208200
1820790	0.232708	0.228500
1822519	5.418542	10.502300
1823489	43.339687	6.527700
1823589	0.234687	0.241800
1826882	0.239792	0.193700
1830644	0.232813	0.265200
1833057	0.216771	0.212500
1833214	0.116667	0.086300
1833974	0.190000	0.197400
1834385	0.401146	0.372800
1840366	0.241458	0.212600
1843483	0.291458	0.201300
1844901	0.350104	0.024500
1845408	0.336458	0.218400
1846068	0.332083	0.027500
1847195	0.236146	0.201300
1851907	0.257917	0.196000
1852353	0.270729	0.343300
1854744	0.243021	0.008300
1856636	0.880938	0.049000
1857422	0.074688	0.004100
1859113	0.223333	0.194300
1859277	0.257188	0.194900
1859427	0.202500	0.220700
1861102	0.051250	0.005800
1861183	0.261354	0.191700
1865389	0.272604	0.225300
1867213	0.263229	0.190000
1869563	0.096042	0.007400
1870950	0.352604	0.026100
1871632	0.209375	0.229400
1872815	0.249792	0.209800
1874219	0.258437	0.227500
1875399	0.220208	0.218500
1875652	0.170521	0.419500
1875874	0.253021	0.207000
1875884	0.258646	0.253400
1875932	0.227187	0.226300
1876331	0.225938	0.195400
1876931	0.074792	0.004100
1878388	0.250521	0.195100
1880114	0.083750	0.006200
1882465	0.258854	0.221800
1884637	33.653646	6.470600
1886293	0.252396	0.208200
1887819	1.123542	0.065100
1888586	0.260000	0.227600
1888648	0.320417	0.329100
1888689	0.149271	0.248000
1893207	0.287187	0.008900
1895530	0.220208	0.213700
1895750	0.232813	0.205600
1896495	0.209792	0.232200
1896993	0.284167	0.024500
1897620	0.410208	0.536600
1903743	0.253437	0.214400
1909496	0.244479	0.199300
1910602	0.244375	0.225800
1911724	0.238021	0.197500
1911726	0.489687	0.377200
1917048	0.081667	0.002600
1919352	43.172187	13.547200
1920318	0.245417	0.181700
1921017	0.212500	0.349800
1924502	0.068958	0.006400
1924856	0.465313	0.406600
1925093	0.253646	0.226500
1926547	0.216667	0.446300
1928858	0.236042	0.216000
1929304	0.222708	0.202000
1929573	0.313854	0.333500
1930508	0.260313	0.190600
1934505	0.236042	0.219800
1937525	0.301250	0.183700
1937565	0.227917	0.208300
1937849	0.260521	0.008000
1938406	3.121250	0.093300
1938449	0.178854	0.290100
1939731	0.071875	0.008500
1941584	0.238229	0.225800
1942231	0.259479	0.233100
1942468	0.194896	0.427100
1942519	0.249688	0.197400
1947343	0.273021	0.024500
1948152	47.033958	6.421400
1949455	0.231875	0.205600
1950242	0.133854	0.003600
1953196	0.251458	0.187600
1954332	5.244688	0.281400
1957160	0.250625	0.188800
1957792	0.259375	0.196300
1961373	0.341667	0.024600
1961848	0.197604	0.269900
1962516	0.441250	2.996600
1963212	0.249479	0.199800
1963215	0.237292	0.208300
1965241	0.238021	0.227600
1968682	0.251146	0.207000
1969241	0.243750	0.218600
1971078	0.256250	0.186700
1972461	0.218854	0.221200
1972742	0.241875	0.175400
1974052	3.527604	0.416500
1976273	0.288125	0.197700
1977067	0.214479	0.233200
1977149	0.284062	0.199500
1981105	0.201250	0.234900
1983179	0.480938	0.040900
1985411	0.248646	0.197900
1989255	0.494688	0.022300
1989930	0.239271	0.176700
1989997	0.235625	0.199900
1990066	0.074792	0.004700
1991987	7.890625	0.612000
1994595	0.231042	0.198900
1994904	0.253021	0.200900
1995043	2.915313	0.090200
2003717	0.307708	0.292200
2005055	0.267500	0.289000
2005871	0.225729	0.198900
2006277	88.874479	3.106400
2006496	0.254583	0.008900
2006824	0.381667	0.269900
2009986	0.272708	0.285300
2010101	0.217812	0.202000
2010415	5.752292	10.937100
2010655	0.265417	0.192500
2011418	0.310208	0.190900
2013174	2.893854	0.095500
2014147	0.218021	0.179400
2014552	1.358750	0.051500
2018648	0.209896	0.243100
2019051	0.238958	0.220600
2019873	0.233958	0.243100
2020997	0.220417	0.203900
2021047	0.214583	0.200700
2021927	0.248854	0.201200
2025419	0.179167	0.134400
2026004	0.255729	0.210400
2028271	0.171771	0.600100
2028298	0.242812	0.195500
2028657	0.243333	0.180100
2028743	0.242604	0.201800
2029140	0.248542	0.186800
2029739	0.210729	0.238300
2030868	0.819583	0.039100
2031634	0.236563	0.194000
2033803	3.802604	11.345100
2035888	3.225312	0.327700
2036491	0.259167	0.202100
2038588	2.856562	0.091100
2042474	0.236667	0.199000
2043809	0.244062	0.198300
2044297	0.297187	0.025300
2045405	0.449271	0.364400
2046180	50.881250	6.502000
2046601	0.038229	0.005300
2047120	0.262500	0.008300
2049551	0.277083	0.024900
2050185	1.030833	0.049200
2050928	19.587396	0.738000
2052460	0.251458	0.211000
2052596	0.324479	0.289300
2053100	80.481458	3.269900
2053162	0.083958	0.002700
2054279	1.574271	0.062600
2055350	0.326875	0.024700
2057949	0.241771	0.187500
2060532	0.226562	0.198600
2061301	6.543333	0.360500
2062399	0.006875	0.000200
2062421	0.218750	0.198300
2063240	0.255625	0.216200
2064007	2.886667	0.091000
2064344	0.242604	0.216200
2065956	0.222917	0.288800
2067717	0.172604	0.019800
2070970	0.225312	0.180400
2071108	0.223438	0.203200
2071751	0.193125	0.204700
2073788	2.855521	0.091500
2074270	0.225208	0.208200
2076050	0.311458	0.028300
2076571	0.190312	0.008300
2076816	0.289167	0.024900
2079153	0.228333	0.230000
2081417	0.200417	0.249400
2081858	0.256875	0.209100
2085190	0.377500	0.029600
2085564	0.281979	0.211500
2086793	4.230208	0.147000
2087616	0.547604	0.030600
2089025	0.237396	0.196800
2089763	0.235729	0.198500
2090736	0.218333	0.292100
2093362	0.312292	3.016900
2094968	0.085729	0.002400
2099422	0.228021	0.201800
2100861	0.081875	0.002000
2101338	0.220417	0.258100
2105638	2.942292	0.087900
2106102	10.833958	2.400400
2108761	0.084583	0.004200
2109500	0.258854	0.008300
2111272	89.921458	5.649900
2114105	0.230521	0.234600
2115768	0.233646	0.237700
2116370	0.118646	0.003400
2116637	0.074375	0.005000
2117712	0.285417	0.203200
2118454	0.246354	0.248200
2118739	0.260313	0.231600
2124772	0.096979	0.003500
2125362	0.256667	0.184800
2126052	0.319583	0.025700
2127455	0.272708	0.201500
2129613	0.223958	0.218100
2130797	0.249792	0.204100
2131569	0.244479	0.210400
2134409	0.241771	0.218200
2135205	0.309896	0.025500
2135314	0.261979	0.224500
2135784	0.235521	0.212400
2136461	0.280000	0.360600
2136709	0.242708	0.202000
2138786	0.140625	0.008200
2140304	0.275417	0.202200
2143245	0.174687	0.255300
2144916	3.221563	0.111600
2145107	2.581875	0.089000
2145378	0.222396	0.244700
2145506	0.226771	0.255000
2145783	0.481146	0.434800
2147992	0.161875	0.119500
2151107	0.179792	0.013500
2151278	0.222604	0.208800
2152836	0.265313	0.216700
2153891	0.260521	0.210600
2154685	0.636250	1.218700
2154848	0.237396	0.217700
2158763	0.263021	0.192400
2159203	0.470938	0.390100
2159390	0.243125	0.186600
2162455	0.250417	0.223700
2165868	0.177396	0.218500
2167969	2.793438	0.195200
2170351	0.222812	0.218300
2171625	0.079687	0.005900
2173075	0.194375	0.204900
2173553	0.228333	0.240500
2174234	0.252708	0.191900
2175206	0.140833	0.445100
2175209	0.127396	0.249400
2175511	0.112708	0.003300
2179514	0.237604	0.230500
2179901	0.213750	0.216200
2183254	0.152708	0.250100
2183423	0.356146	0.025900
2184046	2.740000	0.090100
2187265	82.521771	3.022900
2189081	20.412604	0.741500
2190667	5.367708	0.282800
2192453	0.235833	0.257000
2193365	0.254375	0.199300
2193494	0.234687	0.195500
2194290	0.234687	0.212200
2194805	0.310937	0.025600
2195602	0.261146	0.209100
2196288	0.278125	0.222200
2198257	0.264375	0.202000
2201753	0.257396	0.403500
2202731	0.243438	0.193400
2202843	0.238854	0.199300
2203717	0.081667	0.004900
2206496	0.279896	0.274900
2206763	0.223229	0.210300
2208384	23.470729	6.793300
2208532	0.182396	0.268800
2208792	1.039583	4.185800
2210315	0.245000	0.202600
2210369	0.146458	0.142200
2210639	0.208958	0.214400
2211379	0.076354	0.003400
2211579	0.249479	0.218200
2212004	0.070521	0.002600
2212345	0.231875	0.348000
2213203	0.224583	0.231400
2213597	0.379375	0.029400
2213936	0.370625	0.412800
2216891	0.247812	0.204500
2218239	0.235833	0.231400
2218905	0.248125	0.199400
2220008	0.495937	0.484600
2221883	0.260208	0.192300
2223189	0.251563	0.206000
2223816	0.070729	0.004800
2226551	0.075521	0.003600
2228122	0.190208	0.210900
2229988	0.256875	0.196000
2230657	0.260729	0.215400
2232394	12.980104	9.410100
2234056	0.482292	0.356700
2234638	0.219271	0.236600
2235314	7.013438	0.372800
2240632	0.237396	0.194200
2240988	0.053854	0.001400
2243118	0.259062	0.008200
2243899	5.048229	0.262300
2244998	0.247292	0.184200
2245382	0.255937	0.197400
2245815	0.268750	0.199500
2246157	0.231667	0.261100
2246215	0.083333	0.002200
2248668	0.408229	0.366500
2248805	0.200625	0.229500
2249134	0.223646	0.252700
2249877	0.228229	0.248500
2250591	0.355938	0.026500
2251866	0.078437	0.004600
2252775	0.495833	0.435000
2257366	0.238437	0.228900
2257445	0.235729	0.200500
2257972	69.483229	15.057700
2258920	0.285938	0.212600
2259762	0.053542	0.003000
2260413	0.380729	0.029400
2261739	0.113750	0.231800
2261947	8.023750	0.617500
2262047	0.420417	0.351300
2264162	0.237396	0.213100
2265179	0.160312	0.304600
2266908	0.235729	0.194400
2267993	4.373854	0.151000
2268974	0.254167	0.192600
2269182	0.235208	0.199900
2269716	0.236979	0.254500
2274757	0.207500	0.252300
2275957	5.026458	0.266000
2276189	46.453229	6.251900
2276706	99.659583	4.480500
2280874	0.087917	0.006700
2281294	0.255521	0.203200
2282579	0.239167	0.290700
2282856	0.220938	0.206000
2283432	0.064167	0.003600
2283912	0.212396	0.214500
2283934	0.301979	0.025400
2286164	0.229271	0.310100
2287713	0.225625	0.206900
2288025	0.058854	0.005600
2288634	0.240833	0.219100
2290655	0.071146	0.004700
2292547	0.246562	0.008300
2292942	0.226146	0.251200
2293470	0.260729	0.231700
2296077	0.188958	0.413000
2296167	0.216979	0.225900
2296220	6.109687	10.930500
2298128	0.428646	0.457500
2299258	0.073229	0.003300
2299284	0.245625	0.245100
2299611	0.251875	0.267600
2300230	0.349375	0.028800
2302278	0.239896	0.206400
2303422	0.224792	0.224100
2306270	0.219062	0.192100
2306580	0.190000	0.220900
2306645	0.208229	0.268800
2306931	0.244062	0.210600
2307963	0.266771	0.211600
2309827	0.244896	0.212800
2310048	0.270729	0.190500
2310569	0.257604	0.185200
2310677	0.232396	0.267500
2311065	0.324375	0.027700
2311437	0.247292	0.198500
2312005	0.071042	0.006300
2312479	0.286771	0.216700
2313310	0.214896	0.302800
2313421	0.220312	0.277800
2314305	0.229063	0.303800
2314411	0.255833	0.228300
2317105	2.648333	0.093000
2318290	0.229063	0.218600
2318558	0.086354	0.077600
2318881	88.526042	4.584000
2320572	0.801667	0.963800
2320869	0.248333	0.188000
2322063	0.256146	0.189700
2322142	0.245521	0.273700
2323069	0.283229	0.224000
2324399	0.251458	0.193600
2325342	0.208333	0.225400
2325873	0.278854	0.307300
2327111	0.307292	0.024800
2330303	0.231146	0.207600
2330744	0.073958	0.003600
2332054	0.515833	0.348200
2337924	0.386146	0.029600
2338213	0.272813	0.179200
2338708	0.267500	0.193300
2338975	0.295417	0.009000
2339191	0.221042	0.259800
2339755	0.217708	0.234100
2341716	0.078021	0.002600
2342060	0.208229	0.304400
2342477	0.263437	0.241400
2342991	0.228542	0.211900
2346244	0.140313	0.280500
2347030	0.376875	0.391900
2347408	0.250937	0.195900
2348513	0.282813	0.024000
2350302	2.855208	0.093800
2351824	0.216458	0.184100
2352230	6.782708	0.359300
2353349	0.240937	0.185900
2354956	0.270208	0.187900
2356025	0.300208	0.009000
2357520	0.241667	0.193500
2359624	2.930833	0.185700
2360297	0.193542	0.364900
2361371	0.246667	0.195200
2363640	2.788750	0.089500
2364643	0.242604	0.205800
2366250	0.241667	0.194300
2369157	0.265521	0.209400
2370064	0.262500	0.184400
2370528	0.266354	0.188600
2370916	0.252083	0.192100
2372902	0.229375	0.241400
2373578	0.234583	0.238900
2373973	0.028646	0.116400
2374743	0.325521	0.024800
2377198	0.242188	0.267400
2377502	0.330521	0.450600
2378626	0.288854	0.431300
2381136	0.252604	0.186400
2383485	4.830104	0.250300
2383756	0.071458	0.004500
2384314	0.290000	0.337200
2385825	0.223542	0.203700
2386090	0.259896	0.194300
2387772	0.255208	0.185900
2392039	11.504583	6.073000
2393322	0.441146	0.034600
2393597	0.203646	0.529100
2394738	0.152500	0.127700
2394851	0.154375	0.008200
2396386	0.250000	0.196100
2396993	0.192812	0.226900
2397014	0.428438	0.021400
2397030	0.244583	0.228200
2397158	0.142292	0.007300
2398352	0.370104	0.298400
2400137	0.220312	0.211100
2402346	0.344479	0.008600
2404084	0.175104	0.307100
2411311	34.517187	10.723800
2411558	0.235313	0.214800
2416537	0.065208	0.004400
2417842	0.032188	0.009800
2418558	0.207917	0.239300
2420286	0.221250	0.173700
2421655	2.895521	0.092500
2424210	0.231458	0.197400
2424505	11.412187	5.921500
2424565	0.249583	0.191600
2424703	0.241042	0.182200
2425348	0.286771	0.195700
2426754	2.945104	0.095600
2427521	0.241042	0.187200
2429758	0.229687	0.200300
2429787	0.080521	0.007200
2431560	1.423750	0.062300
2431725	0.295521	0.008900
2432508	1.876979	0.198800
2434833	0.244688	0.215800
2434927	0.204583	0.222000
2435112	0.257708	0.024700
2435845	0.257708	0.233500
2437598	2.734896	0.089600
2440198	0.085208	0.005500
2443786	0.242188	0.253500
2444322	0.223750	0.233200
2445943	0.140625	0.237500
2447446	0.270417	0.222000
2449485	2.837917	0.266700
2455043	0.249792	0.235400
2456461	0.222812	0.213700
2456904	0.295521	0.286300
2457106	0.111250	0.226700
2458029	85.793854	20.818900
2458936	0.246875	0.224400
2460263	0.238125	0.253600
2460612	0.258229	0.194400
2460994	0.242083	0.243700
2465533	0.484167	0.350700
2467055	0.218542	0.210600
2467074	0.245312	0.317700
2467454	0.189062	0.195700
2471243	0.188333	0.245500
2472241	0.294792	0.204500
2472488	0.170937	0.205200
2475387	0.245833	0.213300
2478330	0.070729	0.005400
2479009	0.258646	0.196800
2479536	0.299375	0.204500
2480038	0.220417	0.268100
2480536	0.248021	0.187400
2481177	0.190833	0.208700
2481746	5.338125	0.280900
2483324	0.270208	0.207100
2484736	0.223125	0.195200
2485784	0.208125	0.233400
2487071	5.052292	0.268200
2487471	0.253125	0.218800
2490986	0.233958	0.229500
2495148	1.048437	0.049100
2495316	37.229583	11.032300
2497020	0.238437	0.273200
2497641	0.430312	0.538200
2497646	0.114375	0.152800
2498720	0.078750	0.002600
2500297	0.244688	0.227000
2502238	0.259375	0.235100
2504006	0.262396	0.190200
2504087	0.382292	0.028600
2505071	29.488437	7.924900
2507547	0.221458	0.232900
2507729	0.259271	0.231800
2508163	0.206667	0.462900
2508699	0.246771	0.203600
2511170	0.232292	0.241000
2512344	23.685938	6.887400
2512459	2.221667	0.086800
2515410	0.236979	0.347800
2516456	0.189688	0.281600
2518866	0.253958	0.188100
2518917	0.360521	0.030200
2519079	0.187188	0.231300
2521382	0.225729	0.182100
2524616	0.250000	0.249700
2525777	0.512813	0.410400
2526650	0.236875	0.203200
2526845	0.260625	0.184700
2529134	0.267500	0.220700
2529625	0.306146	0.025000
2534408	0.243021	0.232700
2535109	0.093646	0.004000
2536005	0.241563	0.203500
2536338	0.222812	0.246800
2538068	2.805104	0.091800
2539636	0.262083	0.206100
2540285	0.217292	0.218700
2540303	0.024375	0.113000
2542242	0.181875	0.382000
2542345	0.250729	0.220900
2544492	0.252396	0.248800
2544619	0.234583	0.214500
2545251	41.113646	3.491400
2545437	0.251563	0.261500
2545893	0.279271	0.287400
2546313	0.274896	0.226300
2546401	0.276458	0.194200
2547982	0.190104	0.248400
2551770	7.051042	0.364000
2551998	0.241771	0.202500
2558299	0.212188	0.190600
2558890	3.703021	12.297600
2560315	0.319583	0.008600
2561881	0.297083	0.191200
2569982	0.182604	0.218400
2571782	20.630625	0.734500
2571815	0.208125	0.188300
2572320	0.245521	0.221500
2573556	0.240417	0.183700
2575540	0.189896	0.008300
2575887	0.237292	0.213800
2576193	0.144792	0.255100
2576287	0.232396	0.214200
2579273	0.077188	0.004000
2579596	0.651042	3.605600
2580255	0.190312	0.228100
2580409	2.489271	0.088300
2583551	0.471667	0.413100
2584031	2.888958	0.090800
2584319	0.784479	1.003300
2584484	0.240104	0.207700
2586802	0.284687	0.203400
2587802	0.273333	0.302300
2587983	0.068750	0.003600
2588442	0.227500	0.192500
2588489	0.168854	0.210700
2588878	0.210938	0.232200
2589441	0.218125	0.242100
2592563	0.230313	0.210700
2597257	0.300104	0.249200
2597475	0.253542	0.182300
2597657	0.384271	0.029600
2601105	0.085417	0.007700
2602916	0.291458	0.203900
2603589	0.055833	0.098100
2604547	2.700938	0.098100
2604921	0.909896	0.180900
2605058	0.075208	0.004300
2605681	0.208229	0.249500
2607004	0.165000	0.250400
2607055	0.246771	0.221000
2607211	0.200104	0.274000
2608329	0.236563	0.204600
2608525	0.500833	0.409300
2610230	0.206979	0.209100
2613153	5.409063	0.281300
2613729	0.261771	0.177200
2614701	0.243125	0.251300
2614735	0.161979	0.212600
2616692	0.246667	0.197500
2617153	0.213229	0.248100
2619374	0.271458	0.173700
2619692	0.216771	0.261400
2619892	0.238125	0.201600
2621110	35.814375	10.572400
2621730	0.040417	0.003300
2621976	0.213750	0.275300
2622017	0.256354	0.219800
2624294	0.465938	0.376300
2625117	0.191042	0.228500
2628194	0.232292	0.244000
2628788	0.256875	0.191700
2628993	0.256458	0.191900
2629805	0.288125	0.231200
2629887	0.250937	0.211300
2630357	0.058542	0.004800
2630654	0.161875	0.360900
2630915	0.265000	0.210200
2633192	0.085729	0.006700
2633317	0.079583	0.002900
2633607	0.206667	0.201500
2633794	0.079792	0.008600
2635660	0.233854	0.175500
2637985	0.239479	0.184100
2641587	0.263646	0.183700
2642704	0.244792	0.187200
2643518	0.238750	0.202700
2644139	0.223646	0.242100
2644333	0.146563	0.299400
2645640	0.199896	0.008300
2646013	0.251667	0.190300
2647726	0.169479	0.228200
2651120	0.143854	0.367500
2652487	0.222500	0.219300
2653981	0.230521	0.201300
2654388	5.934687	0.340100
2654441	1.710521	0.107500
2657467	0.278542	0.432200
2657567	0.248854	0.208000
2658037	0.250937	0.253300
2660500	0.218021	0.260600
2665654	0.289271	0.025000
2666175	4.962917	0.263400
2667818	13.497396	9.371600
2668820	0.225938	0.175500
2668835	0.241875	0.210500
2669145	0.222917	0.263100
2671270	0.075417	0.002400
2675598	0.210417	0.322300
2678260	0.478333	0.426300
2678828	0.223333	0.202300
2679480	0.583646	2.845700
2681485	0.281979	0.452900
2682838	2.708646	0.091600
2683463	0.239479	0.206000
2684680	0.222083	0.205600
2685723	4.967292	0.282800
2686142	0.288229	0.207000
2686826	0.232396	0.207300
2687516	0.231250	0.239000
2689096	44.158229	5.958600
2690307	10.521354	5.991100
2691234	0.227813	0.203200
2691758	0.464687	0.403400
2691906	0.346875	0.027900
2692066	0.243646	0.219500
2693553	0.063646	0.003000
2693839	0.545104	0.030200
2694149	0.244896	0.268500
2698253	0.384062	2.757400
2698254	0.326354	0.024700
2699582	0.259792	0.186300
2699828	0.235521	0.206000
2701571	0.266875	0.275100
2702554	0.243125	0.169000
2703705	0.185208	0.224100
2703706	0.241250	0.268300
2703801	0.978958	0.048300
2706350	3.638438	12.655500
2707753	15.285000	3.094300
2708610	0.234479	0.192700
2708947	0.452396	0.368500
2710012	0.250937	0.216600
2710350	0.246458	0.195700
2713601	0.247083	0.247400
2715872	0.280104	0.024700
2715936	0.230000	0.200500
2717755	0.267500	0.258900
2718087	0.335104	0.948600
2721936	0.219375	0.228200
2724499	0.243333	0.204100
2724642	0.157917	0.254100
2726295	141.944063	7.025600
2726758	3.601146	12.257800
2729002	0.080729	0.002900
2729682	2.073125	0.111400
2731036	0.231354	0.182200
2731451	0.459896	0.537900
2731527	0.487396	0.550400
2734216	0.305312	0.013500
2736034	0.245104	0.228400
2737292	0.234375	0.230600
2739428	0.259896	0.230200
2739694	8.887187	3.833600
2740701	0.248333	0.207800
2743086	0.234896	0.206500
2743763	0.247083	0.213500
2744661	0.211354	0.233700
2746472	0.244375	0.208300
2750972	0.274687	0.209400
2751605	0.218333	0.232000
2752727	0.228437	0.201400
2752731	0.082708	0.002500
2753476	0.242708	0.196100
2756796	0.346458	0.348200
2757321	0.306354	0.025600
2758420	0.250312	0.199300
2759912	0.192083	0.210900
2764533	0.219688	0.192200
2765606	0.226771	0.205400
2769397	31.743229	9.673700
2770933	0.346875	0.431500
2771856	0.067604	0.015800
2771860	0.005208	0.001000
2773226	9.573542	2.348700
2773795	0.144479	0.637300
2773999	0.233125	0.189300
2777299	0.254167	0.197200
2778383	0.195000	0.228500
2778400	0.251250	0.199900
2779377	0.334583	0.024500
2779933	0.265417	0.194600
2781944	0.061771	0.011200
2783627	0.241771	0.215600
2787404	0.267708	0.179500
2788911	0.250625	0.215300
2789018	0.256563	0.178500
2791432	2.711771	0.088900
2793233	0.317083	0.024500
2793504	0.336875	0.025400
2794054	0.257083	0.320000
2796175	30.131250	2.717300
2797576	0.237708	0.204500
2802643	0.259375	0.204500
2804471	0.668438	1.156500
2805270	0.040208	0.007100
2805415	0.261146	0.234600
2805628	0.241250	0.192700
2805770	0.322500	0.024900
2806185	0.083333	0.003000
2806548	0.265729	0.232700
2812531	0.248646	0.199100
2813684	0.184792	0.231300
2813956	0.238958	0.008300
2815584	0.360625	0.468500
2815620	0.025000	0.003900
2815818	0.074375	0.002900
2818654	0.266771	0.196200
2819070	0.262188	0.243000
2819847	0.382500	0.029400
2820747	0.145104	0.238800
2820935	0.283854	0.214700
2821415	0.321771	0.025500
2822860	0.249167	0.196100
2824078	0.396042	0.021600
2826012	0.075521	0.007200
2828468	0.212396	0.219200
2830050	0.251875	0.182600
2831240	0.224271	0.204100
2831630	0.261562	0.203800
2832688	0.302812	0.213500
2833026	0.337083	0.341500
2834609	0.238958	0.190000
2836179	0.294063	0.325400
2836457	6.910000	0.360900
2838781	0.193333	0.209300
2840114	0.063437	0.005900
2841528	964.115000	138.656500
2844106	0.291771	0.013300
2847762	0.244792	0.222300
2848614	0.290104	0.024600
2848992	0.312917	0.025500
2849720	0.236979	0.206500
2850109	0.069062	0.002800
2850724	0.212917	0.208100
2850781	0.071667	0.007000
2859154	2.114896	0.183100
2860053	0.232708	0.197500
2860368	0.487187	2.660900
2861801	0.251875	0.193000
2861853	0.448229	0.398900
2862062	0.254583	0.224000
2865447	0.241979	0.215300
2867446	0.236042	0.192800
2869381	982.626042	137.629100
2872122	0.264479	0.215000
2873957	0.158438	0.231200
2874465	0.438750	2.927000
2874990	0.264062	0.373400
2875519	5.440521	0.281200
2879426	0.292500	0.221700
2883459	0.253229	0.181900
2885037	0.224479	0.215600
2885412	23.293021	0.748900
2885642	0.234375	0.227100
2885772	0.071667	0.005400
2887536	0.261562	0.197700
2888654	0.210833	0.208000
2891945	0.213333	0.206200
2895691	0.245938	0.198100
2896231	0.274792	0.290000
2897002	3.889271	0.195900
2900135	0.251146	0.205600
2900310	0.256771	0.197200
2903326	0.250000	0.201300
2904511	2.954271	0.094400
2906282	0.234896	0.197600
2906490	2.763854	0.089600
2907731	0.205729	0.221100
2909146	0.383021	0.029500
2910692	0.404479	0.380900
2911709	2.402500	0.089200
2915223	2.952187	0.096400
2915641	0.236563	0.223000
2920363	0.191250	0.227600
2921296	0.306771	0.182400
2922551	0.229896	0.207500
2922686	0.167708	0.008200
2922807	0.259167	0.211700
2923708	0.246146	0.224900
2928609	0.247292	0.209300
2931202	0.240313	0.199400
2932448	0.267188	0.195300
2936135	0.256667	0.230800
2937511	0.456146	0.469100
2937686	0.220625	0.225100
2937769	0.259583	0.166200
2940723	0.245833	0.197600
2941276	0.075000	0.007300
2941953	0.182292	0.382500
2942253	0.469583	0.421100
2948340	0.202083	0.218900
2948420	0.114479	0.081600
2950426	0.234896	0.208300
2952868	0.299687	0.008500
2954873	0.221458	0.215100
2954903	0.228437	0.263300
2955616	0.300208	0.192700
2958124	0.250729	0.201500
2960631	0.843958	1.258000
2960712	0.137292	0.384400
2964363	11.643958	6.294900
2965321	7.667708	0.635000
2966423	0.255729	0.189600
2966454	0.246146	0.200700
2966572	0.210833	0.269200
2966970	0.231146	0.211800
2967905	0.080521	0.006200
2968658	0.361042	0.027900
2968681	0.233437	0.215200
2971120	10.970417	5.891000
2972202	10.727708	2.408200
2973234	0.330000	0.331100
2973439	0.255729	0.254100
2973734	0.297917	0.024200
2974967	0.272708	0.341500
2975549	0.234063	0.394800
2975810	0.180833	0.294600
2976120	32.810104	6.683300
2977635	0.328958	5.250600
2978359	0.060521	0.088600
2978486	5.310937	0.282100
2980631	0.203437	0.233700
2984139	0.246667	0.203600
2985706	0.258125	0.194000
2986151	0.309271	0.009000
2986825	0.251458	0.185300
2989928	0.242396	0.205000
2990009	0.249271	0.210700
2991588	0.254583	0.195900
2991984	0.223438	0.265700
2991990	0.128958	0.255600
2993087	0.247500	0.206600
2994109	0.272813	0.214300
2994444	0.226875	0.233400
2994634	0.054688	0.095600
2994736	0.050521	0.083900
2995907	0.327083	0.349800
2996867	2.959167	0.096900
2999436	0.247917	0.185400
2999437	6.809375	0.358900
3001564	0.244583	0.184000
3002229	0.287500	0.024800
3002593	0.232292	0.217900
3005818	0.264167	0.224900
3008765	0.246771	0.210900
3009316	0.253125	0.193500
3009389	0.124896	0.003300
3011772	0.265521	0.199400
3012532	0.278854	0.230700
3013468	0.271250	0.191500
3016182	0.253958	0.219400
3018925	0.049063	0.082700
3019149	0.244688	0.200400
3019718	0.298854	0.009100
3020079	0.214062	0.222500
3021152	37.603229	2.779100
3021554	0.230208	0.202100
3021968	0.078333	0.003200
3025367	0.201458	0.199300
3026583	0.260833	0.225700
3033219	0.265937	0.195500
3033274	0.328333	0.024700
3034758	0.389271	0.028600
3036164	0.083854	0.005400
3037208	0.251875	0.208600
3037596	0.257604	0.278500
3037823	0.245000	0.239400
3037930	0.459479	0.421700
3039167	0.260521	0.212800
3039541	0.076563	0.005700
3041973	0.257500	0.206100
3042754	0.072500	0.031900
3045686	0.276667	0.185300
3046121	2.911458	0.094900
3046205	0.107292	0.003400
3048732	0.231042	0.218600
3049432	0.258437	0.190600
3051093	0.228021	0.210000
3051484	0.255417	0.197900
3052695	0.227708	0.231500
3052743	0.416354	0.390400
3054439	2.795521	0.095100
3057509	0.075417	0.002400
3059701	0.061771	0.002800
3059940	0.243750	0.196200
3060956	0.240000	0.247600
3062452	0.048854	0.004100
3062633	0.252396	0.189100
3063443	0.216562	0.227100
3064242	0.289167	0.431600
3066049	0.221562	0.196100
3066628	0.269167	0.227300
3067311	0.115833	0.003300
3067343	0.286250	0.024600
3068316	0.079167	0.002400
3068712	3.347187	0.110700
3068818	70.639687	15.099200
3069738	0.611042	0.338200
3072051	0.165625	0.245500
3072283	0.408021	0.393200
3076363	0.246250	0.198800
3076380	0.335625	0.475200
3079473	4.913750	0.268100
3079921	0.276458	0.203600
3080025	0.229375	0.246200
3080370	0.241146	0.229900
3080835	0.246562	0.218400
3081585	0.253750	0.195600
3081969	0.324583	0.025900
3082640	0.233750	0.225200
3084318	0.241042	0.236200
3084337	5.001458	0.266500
3084396	2.728646	0.200100
3084555	0.246458	0.206900
3085610	0.265208	0.185300
3085707	0.189896	0.298000
3088880	0.249896	0.191800
3090893	0.264062	0.212300
3094493	0.237083	0.198200
3096162	0.238646	0.307600
3096653	0.136354	0.253400
3097810	0.254792	0.189400
3102347	3.279375	0.194700
3105748	0.220833	0.008300
3111157	0.253542	0.184600
3112224	0.255833	0.195600
3112864	0.088438	0.003200
3113605	0.375000	0.547800
3114066	0.250104	0.215700
3114429	7.165833	0.616000
3114952	0.327396	0.379200
3115435	0.258542	0.210400
3118190	0.252188	0.277100
3118777	0.076354	0.005700
3119114	11.074896	5.979700
3124791	0.270937	0.184900
3125410	0.209375	0.217400
3125413	0.473854	5.257600
3125923	0.251979	0.199400
3126901	0.070625	0.002200
3127359	0.449583	0.471500
3127531	0.250625	0.200900
3130482	0.268333	0.239000
3130587	0.267604	0.208800
3131422	0.242500	0.194100
3132288	0.250000	0.218300
3132719	0.083125	0.003100
3132847	0.235937	0.197400
3133735	0.253542	0.206300
3134137	0.452292	0.037400
3134166	0.191562	0.219700
3138074	0.249271	0.202700
3138790	0.403021	0.366900
3139477	0.196042	0.258100
3141277	1.293542	0.050800
3142245	0.206667	0.235200
3145293	0.226667	0.222100
3145420	0.216042	0.247300
3147730	0.567187	0.394300
3149312	0.457188	0.431700
3149437	0.245729	0.224100
3149986	0.271458	0.182900
3154980	0.237708	0.241200
3156432	0.214479	0.232900
3156682	0.272813	0.008200
3160206	0.276771	0.205900
3161710	0.168854	0.294200
3161781	0.804271	1.315800
3164213	0.255937	0.220000
3164776	0.337083	0.015100
3167530	10.763542	2.397500
3170107	0.269062	0.211200
3170953	0.010417	0.001600
3172261	0.244271	0.201300
3173079	1.061146	4.291100
3173572	0.222396	0.233700
3173774	0.234375	0.244700
3173783	2.669271	0.097500
3174432	0.267083	0.221200
3176221	0.223438	0.240400
3176445	0.232396	0.222700
3177243	0.248646	0.206700
3177327	0.194375	0.421800
3180949	0.265000	0.206800
3180970	0.260521	0.187200
3182474	0.230417	0.209500
3184028	0.234271	0.216000
3185285	0.242812	0.193700
3185367	0.138125	0.454400
3188913	0.219792	0.206900
3189170	0.240833	0.194300
3189237	0.253021	0.200100
3189532	0.263646	0.193300
3189853	0.324688	0.025600
3190270	0.330208	0.024600
3190351	0.230104	0.281300
3190416	7.189687	0.369500
3191593	0.466979	0.528500
3191810	0.304479	0.219200
3192710	2.282604	0.067700
3192906	0.219167	0.196900
3192941	0.248750	0.193000
3194258	48.051875	6.054800
3196311	0.226458	0.232700
3197563	0.240833	0.190600
3198632	0.265104	0.234000
3200289	0.081458	0.002600
3200401	0.313125	0.291200
3200761	0.278646	0.228600
3202506	0.245938	0.276200
3203252	0.161250	0.219000
3203481	0.240208	0.195900
3205011	11.536979	6.091600
3206246	3.647708	0.208000
3206514	0.417187	0.391300
3207732	0.232500	0.198200
3208479	0.244479	0.214600
3209095	34.817188	10.618400
3211311	2.741250	0.096200
3211541	0.247396	0.195200
3212676	0.282813	0.198200
3213067	0.274896	0.024700
3215628	0.232500	0.181700
3215794	0.247708	0.239400
3217149	4.503750	0.431700
3219525	0.252812	0.227500
3219699	0.065104	0.003400
3220207	8.252604	0.629600
3220503	0.174896	0.008200
3222472	0.244375	0.215900
3222617	0.243542	0.210600
3223411	0.230313	0.190600
3223934	0.474479	0.560300
3224722	0.056458	0.003500
3225656	0.242396	0.196900
3226231	0.187292	0.286800
3227358	0.211771	0.230700
3228187	0.225000	0.185200
3228275	42.438229	5.907800
3229902	0.231354	0.228100
3230697	0.259688	0.214500
3232531	0.443333	0.401600
3233413	0.073542	0.002100
3233526	0.253854	0.208300
3234167	0.210625	0.224500
3234876	0.361979	0.029500
3234947	0.220104	0.275800
3236389	0.080000	0.003800
3239178	0.211250	0.419500
3240231	0.249479	0.191500
3241605	0.221562	0.212700
3242191	0.243750	0.194400
3242846	0.083750	0.003100
3243074	0.376667	0.029600
3243229	0.256667	0.193900
3244276	0.503750	2.864600
3250924	0.277708	0.232900
3256831	0.295000	0.190300
3257377	0.270937	0.281500
3259368	0.261250	0.008900
3259931	0.250833	0.221800
3260112	0.260937	0.187100
3260479	0.165208	0.008200
3260885	0.223542	0.193800
3261213	0.255417	0.186100
3261631	0.210521	0.229100
3262207	0.189688	0.138500
3262352	0.274896	0.207100
3263503	59.056875	7.921500
3264416	0.290833	0.009000
3264947	0.360833	0.370000
3265897	0.262292	0.008200
3266355	0.253854	0.204200
3271147	6.393438	2.559900
3272325	3.648438	12.245500
3274567	0.240104	0.208700
3274975	0.202083	0.195400
3276164	0.241146	0.239800
3277124	0.272292	0.455500
3278123	0.335417	0.447300
3281162	0.180312	0.222400
3281449	0.240104	0.203500
3282827	31.590208	9.698500
3284744	0.287917	0.009000
3285482	0.143646	0.009200
3286112	0.357292	0.030400
3286833	0.216771	0.241000
3288849	0.226771	0.195000
3293156	0.402396	0.345800
3293255	0.249583	0.201100
3293528	0.293646	0.229700
3294232	7.352292	0.632300
3296789	0.311563	0.024600
3298406	26.701875	7.522200
3302291	0.364792	0.028300
3306404	0.194271	0.255100
3307686	0.127708	0.281100
3308090	0.310521	0.211000
3309325	0.235208	0.194200
3311101	0.275625	0.394600
3314566	0.253437	0.224200
3315002	0.122813	0.232400
3317347	0.256563	0.232700
3317959	0.271562	0.183200
3319162	2.605833	0.091300
3319557	0.480208	0.408400
3321162	0.302292	0.009100
3323329	0.092083	0.234700
3323849	0.294896	0.225500
3325003	0.267813	0.223100
3326475	0.236667	0.205300
3327434	0.223750	0.227000
3331049	0.237083	0.206100
3331599	0.261458	0.192500
3333618	0.323333	0.008600
3333879	0.074688	0.006300
3333894	0.228542	0.196100
3334109	0.023646	0.005400
3337616	0.240000	0.195900
3338922	0.269062	0.190600
3340111	0.261875	0.197800
3340556	0.258646	0.197300
3341777	3.111042	0.096000
3341843	0.234063	0.215300
3342333	0.206875	0.257600
3343425	0.260417	0.187300
3345277	0.240313	0.217800
3345305	0.204167	0.227200
3346132	0.267604	0.227700
3346199	0.230000	0.204200
3347060	0.243229	0.187600
3348220	0.244479	0.194600
3349615	0.259271	0.202800
3349902	0.251042	0.198200
3350498	0.171875	0.253000
3352841	0.257083	0.204600
3353485	0.257083	0.008000
3354032	0.233333	0.204000
3355277	0.265104	0.208300
3355412	0.265000	0.235900
3358277	0.217292	0.227200
3358806	0.278542	0.294000
3359834	0.244896	0.199600
3360243	0.209792	0.410500
3362859	3.158542	0.270000
3362904	0.230937	0.214700
3365091	0.239063	0.208400
3367936	5.050625	0.266900
3369705	0.417604	2.712500
3370552	0.252708	0.186100
3371746	0.244062	0.190600
3372391	0.253958	0.203400
3372793	0.089271	0.008000
3373144	1.067813	0.059700
3373765	0.316354	0.572000
3375832	0.265521	0.008300
3378628	0.223125	0.248100
3380545	0.247917	0.255800
3382129	0.236563	0.170900
3387875	0.200521	0.223700
3389174	0.274583	0.026000
3392501	0.190833	0.218100
3393907	0.255833	0.254800
3394715	0.470938	0.416400
3396475	0.253229	0.187100
3397444	0.250312	0.194600
3400139	94.616250	4.700400
3400515	0.246771	0.237000
3402904	0.330000	0.025700
3403728	32.470625	9.953800
3405163	0.196667	0.212900
3405361	0.255937	0.199000
3407364	0.421042	2.715000
3409212	31.862292	9.744400
3413005	0.107500	0.401700
3417689	0.114271	0.647800
3419737	2.670729	0.088900
3421191	0.196250	0.209800
3421587	0.214792	0.213500
3424687	0.293750	0.211000
3424950	0.227604	0.253300
3425708	0.223646	0.195600
3427262	0.495104	0.369000
3429758	0.191667	0.249000
3430692	0.309063	0.342100
3432572	0.248125	0.218700
3434163	0.182188	0.008200
3434354	2.725833	0.090500
3434829	34.438229	10.538700
3438740	5.194167	0.278700
3440124	34.043438	10.323800
3440316	0.237813	0.213100
3440339	0.259896	0.201500
3440789	0.239583	0.189500
3440877	5.136250	0.276300
3442277	0.463646	0.498700
3445981	0.065521	0.089600
3447626	0.225312	0.195000
3448781	0.207396	0.225700
3449335	0.256667	0.268700
3453891	6.261875	11.076600
3455169	0.074479	0.007100
3456761	0.164896	0.250900
3458618	0.225729	0.214900
3459425	0.260937	0.277000
3461040	0.156354	0.011800
3461912	0.273646	0.008200
3462379	0.230729	0.202700
3463425	2.640208	0.091200
3465924	0.250625	0.202000
3468371	0.252812	0.197500
3471492	0.239792	0.220200
3474187	0.070938	0.004700
3475214	0.278438	0.009000
3475831	0.291563	0.229500
3476774	0.253854	0.238700
3477964	0.203646	0.235000
3478646	0.086979	0.003400
3480926	0.293646	0.226300
3481503	0.242917	0.201200
3481930	0.300208	0.204500
3483151	16.056250	3.143600
3483505	9.239896	3.655200
3484793	0.267813	0.208400
3493566	0.264479	0.192900
3493940	5.472188	0.284300
3494888	0.275417	0.192100
3495293	0.247917	0.235800
3495476	69.921667	14.953100
3495690	0.539896	0.513100
3495968	0.219479	0.211300
3497296	0.306979	0.275900
3502347	2.156354	0.060500
3503187	0.274583	0.194300
3509768	0.220312	0.259100
3509827	3.126562	0.191500
3509894	1.062708	0.054500
3510767	134.403958	6.716500
3511828	0.237187	0.202800
3513465	0.278021	0.024800
3513843	0.245208	0.196200
3518135	3.433542	0.453300
3518764	0.203021	0.238200
3518879	0.516458	0.525900
3521541	0.351667	0.383100
3522375	0.263646	0.179500
3524446	2.778333	0.087400
3525286	0.211458	0.195400
3526944	0.254375	0.196600
3529875	0.073646	0.002300
3530262	0.230313	0.195300
3531936	2.795625	0.091800
3532295	2.101042	0.110100
3532388	0.253437	0.211700
3534178	0.226354	0.202200
3537013	0.249167	0.183400
3537848	0.394792	0.873600
3541232	0.081250	0.002200
3543144	0.259896	0.255200
3550741	2.909687	0.099100
3552217	0.176667	0.199100
3552951	0.085417	0.003100
3553792	0.236563	0.230200
3554311	2.746250	0.089700
3554954	0.500417	0.437200
3557668	0.255521	0.204600
3558165	0.261875	0.186200
3559029	0.235625	0.181200
3559592	0.263958	0.212300
3559750	0.193542	0.008500
3560692	0.224479	0.101500
3561700	0.230208	0.197800
3562021	0.541667	0.856300
3564388	0.260104	0.205200
3566315	0.053750	0.003300
3566389	0.459375	0.388400
3568649	0.314479	0.276600
3568873	0.155625	0.008300
3569827	0.479375	0.711700
3570446	0.258646	0.294100
3572742	0.233854	0.198000
3573224	89.253750	3.135700
3573686	0.231042	0.213600
3573866	0.255625	0.210800
3575082	0.293854	0.024600
3575872	0.225729	0.208700
3576641	0.240104	0.217400
3576750	0.234896	0.271500
3577095	0.243854	0.205200
3577385	0.267813	0.190500
3579512	0.239063	0.199800
3579720	5.468125	0.282400
3581260	0.238437	0.230800
3582288	0.221667	0.312900
3584521	0.218750	0.213400
3584669	0.312500	0.370200
3586803	0.072917	0.009700
3586861	0.299792	0.024900
3587526	2.835104	0.093200
3589763	0.241458	0.221300
3590625	0.237708	0.183100
3590864	0.090938	0.003300
3592285	0.207187	0.216500
3592288	0.252396	0.206800
3592531	0.192083	0.210300
3594195	0.252292	0.234000
3594313	6.904687	0.360700
3594738	0.262396	0.231800
3595516	0.075729	0.006300
3596272	0.205833	0.214100
3596921	0.155833	0.363400
3601663	0.182396	0.216600
3601711	4.899479	0.156900
3606636	0.225625	0.206700
3610347	0.184792	0.231900
3611304	0.227708	0.190000
3612291	0.256042	0.188000
3612912	0.268229	0.184700
3614209	0.335729	0.024400
3614785	0.253542	0.208800
3617875	0.240521	0.175700
3619033	0.139271	0.007300
3619555	0.230417	0.207100
3619949	0.222812	0.386600
3626404	0.286458	0.212800
3627079	0.227708	0.008300
3627153	0.236771	0.233800
3627506	0.245000	0.201500
3627731	0.035729	0.002500
3628327	0.081979	0.003500
3631882	0.244167	0.220100
3632550	0.237396	0.214700
3635463	6.893958	0.365300
3636236	0.094583	0.006600
3636795	0.238750	0.202100
3637404	2.308021	0.196500
3637681	0.510104	0.462500
3637845	0.212917	0.273700
3639215	0.188542	0.227300
3639746	0.261458	0.211100
3640201	3.914375	0.428100
3641327	0.251458	0.202000
3643133	0.229063	0.203900
3645685	0.285521	0.188900
3649912	0.270521	0.247500
3650430	0.344062	0.028900
3650588	0.235000	0.223800
3651493	0.233333	0.023500
3653410	0.259271	0.218500
3653592	0.260208	0.008300
3654176	0.270208	0.180600
3656627	0.258229	0.203300
3657062	0.216042	0.207800
3657205	0.411979	0.617000
3657233	0.209063	0.286600
3657553	0.205729	0.268900
3658907	16.539896	3.191700
3659290	0.068854	0.002500
3660290	0.264583	0.184100
3660930	2.835208	0.097100
3660947	0.225104	0.203500
3661085	0.241146	0.204100
3661468	0.244271	0.192900
3661744	0.228750	0.208000
3663319	19.290417	0.745500
3663616	0.268021	0.221000
3664763	0.262813	0.024100
3665376	0.259062	0.201100
3665712	0.261458	0.244300
3665807	0.223021	0.204900
3667427	0.228646	0.187000
3667646	0.562708	0.030800
3667967	0.147708	0.251000
3671119	3.101250	0.191000
3671231	0.235104	0.188000
3672087	3.102813	0.206600
3674327	2.943646	0.186400
3674464	0.219583	0.199000
3675619	2.778437	0.099100
3676104	4.907188	0.264100
3678100	1.124167	0.064900
3680828	0.232396	0.182700
3684012	0.241042	0.016300
3686412	0.292917	0.270900
3686783	0.199167	0.192400
3686961	2.506771	0.187000
3686972	0.227813	0.200500
3687941	0.376042	0.475700
3690329	0.263854	0.231200
3690914	0.078958	0.002700
3692310	0.254063	0.214700
3692366	0.070312	0.003500
3692387	0.206250	0.246800
3692466	4.854687	0.432100
3692490	0.266042	0.015600
3692939	2.453125	0.186300
3693016	0.249167	0.223200
3693662	14.693854	2.982400
3694087	0.451250	2.908000
3698634	0.242188	0.232200
3698837	0.220833	0.383500
3699196	0.378542	0.029600
3700553	10.202604	5.964800
3700628	0.188229	0.336400
3701528	0.237500	0.199300
3701702	0.276771	0.196900
3701730	0.225833	0.251700
3701926	0.250937	0.183500
3703032	0.243438	0.222700
3704528	0.226771	0.234000
3704795	0.310833	0.445400
3704877	0.201563	0.319900
3705246	15.343438	3.093500
3705297	0.300938	0.024200
3706708	0.257188	0.196500
3707727	0.251979	0.195900
3707815	0.312604	0.317700
3708118	0.278646	0.008600
3708450	0.315833	0.257300
3710156	0.301979	0.208800
3710513	2.748125	0.090000
3710774	0.245938	0.182500
3711166	0.251979	0.214800
3712298	0.253854	0.193400
3713872	0.194896	0.307000
3714363	0.060104	0.673000
3714825	0.167917	0.236300
3715556	0.083125	0.003400
3715905	0.231875	0.227800
3716147	0.344792	0.024400
3716939	44.032812	13.737600
3717195	0.067604	0.006900
3717747	0.062708	0.010900
3723167	0.256667	0.200200
3723813	4.938750	0.267000
3724539	0.235937	0.209600
3726940	0.220208	0.224800
3727214	5.107292	0.276900
3729431	0.331146	0.027700
3729496	2.640521	0.089400
3729526	0.265625	0.008300
3729788	0.268750	0.022700
3730264	0.504687	0.039300
3731472	0.293542	0.023900
3731604	0.222917	0.223300
3735743	2.831458	0.090600
3735907	0.237396	0.209700
3736024	36.235937	6.500800
3739643	0.389688	0.029600
3740225	0.239375	0.216100
3743583	0.066354	0.003600
3744326	0.295000	0.009100
3747308	0.242188	0.213600
3747896	0.229271	0.258300
3748321	4.660521	0.265800
3749623	0.442083	0.575200
3750191	0.274792	0.197900
3750969	0.256458	0.195300
3751518	0.223021	0.208100
3751922	0.197813	0.008300
3752523	0.242812	0.226200
3752873	16.829062	3.211300
3754704	0.242083	0.261000
3755948	0.194167	0.008500
3757230	0.456979	0.429000
3757919	0.221146	0.225100
3758468	0.077500	0.006600
3760616	0.221354	0.240000
3760742	0.251875	0.200800
3763016	0.360521	0.522700
3763801	0.274896	0.008300
3764327	0.257917	0.190800
3766956	0.064583	0.007500
3767474	0.280104	0.208000
3770316	0.224271	0.209500
3771433	1.241458	0.059900
3773661	6.271042	0.304500
3773718	0.008646	0.000200
3773857	0.241875	0.222700
3773864	0.315208	0.027400
3774657	0.270104	0.209300
3775361	0.226875	0.189600
3775496	0.517604	2.856800
3775814	0.267917	0.192600
3776056	0.213229	0.196000
3776878	0.240937	0.201000
3777415	0.244688	0.218100
3778052	0.081042	0.002900
3778101	0.068333	0.005300
3778247	0.231354	0.216100
3779825	0.139792	0.208600
3780630	6.823854	0.362500
3782673	0.243438	0.205300
3784172	0.225625	0.210600
3785036	0.426042	2.737500
3786721	0.211354	0.207800
3787132	0.188958	0.246700
3788122	0.088750	0.003700
3789107	0.245833	0.217900
3791129	0.236458	0.232100
3792489	0.951562	4.239900
3793108	0.350833	0.029400
3793575	0.232500	0.177300
3794686	0.334792	0.370500
3795658	0.249167	0.208500
3798764	0.248854	0.207900
3799814	0.259792	0.013400
3802059	0.236042	0.221700
3802289	0.505521	0.037600
3803548	0.219688	0.202900
3803748	0.078437	0.002600
3804922	0.226042	0.252000
3804945	0.250833	0.222100
3805944	0.265313	0.193600
3807180	0.264375	0.191500
3810558	0.336042	0.024300
3810983	0.259062	0.193000
3815528	3.017083	0.092100
3818918	0.218542	0.264700
3820049	0.305312	0.275600
3820454	0.250000	0.189600
3820810	0.253125	0.191200
3821970	0.233229	0.226000
3821995	0.253750	0.205300
3825328	0.083333	0.004000
3825985	0.210000	0.209000
3826794	0.255833	0.239400
3828029	0.166354	0.271400
3828731	0.242188	0.264600
3830611	0.078333	0.006400
3831617	0.238021	0.190500
3831724	0.181042	0.210200
3832731	0.045625	0.075200
3832791	80.720521	19.470700
3833499	0.297812	0.346500
3834409	0.201667	0.218400
3836249	0.247604	0.188900
3837903	0.223438	0.220700
3840319	1.045417	0.199200
3841170	0.158958	0.223800
3842412	43.852708	6.061500
3842962	0.250625	0.199500
3845959	0.300104	0.350200
3847026	0.256979	0.180000
3847259	0.240104	0.228400
3847415	0.266042	0.301700
3848370	0.190729	0.187200
3849235	0.210521	0.252800
3850042	0.229583	0.202000
3850270	21.111354	0.735800
3850580	11.317083	2.351300
3850727	0.229479	0.204600
3850898	0.469062	0.355400
3852183	0.257812	0.197100
3852254	0.083333	0.010100
3852633	0.259271	0.192300
3853015	0.225417	0.219900
3853778	0.238021	0.222000
3855811	0.414167	0.460300
3855847	0.261875	0.182500
3856069	0.226562	0.195000
3857105	0.250521	0.207300
3858439	0.211458	0.186000
3859199	0.247292	0.194300
3860149	0.085312	0.005000
3860239	0.285729	0.208500
3862595	0.203229	0.200100
3866992	0.482812	0.354800
3873485	0.213958	0.179400
3873668	0.248958	0.179200
3875318	0.222500	0.212500
3878398	0.212917	0.244100
3878803	0.065417	0.003300
3879374	0.222396	0.208700
3879571	49.398229	6.439400
3879634	0.076354	0.007100
3879712	0.202604	0.245500
3879820	0.236458	0.205800
3880035	0.297292	0.215800
3881440	0.230104	0.197500
3882174	0.246250	0.213600
3882403	0.331875	0.025500
3885400	0.784896	1.022700
3887556	0.212292	0.237800
3887694	1.017708	0.057800
3887874	0.196354	0.203500
3889587	0.252708	0.197800
3891080	6.998021	0.371200
3892476	0.231042	0.201700
3894627	0.254583	0.232300
3895193	0.257604	0.201200
3899437	0.369375	0.025800
3901870	0.245104	0.230400
3903143	0.230833	0.210900
3904973	0.219479	0.202800
3905307	33.194063	2.880700
3907002	0.233542	0.248900
3914283	35.968229	10.969300
3914716	0.214583	0.208400
3918162	2.560938	0.090500
3919939	0.178229	0.200800
3920671	0.279271	0.024600
3923849	0.207604	0.252600
3924098	0.244896	0.218000
3924233	0.230208	0.241000
3924364	0.239375	0.190100
3925884	0.485729	0.395400
3926365	0.243438	0.221900
3930395	0.075000	0.004200
3930892	0.240208	0.274100
3931465	2.873958	0.096900
3931692	0.311458	0.026000
3931856	0.203125	0.209100
3932639	0.251563	0.239300
3934520	0.210313	0.210200
3934816	6.909271	0.370100
3939810	0.342396	0.373800
3941668	0.508854	0.425400
3943566	2.909063	0.096600
3944546	0.223229	0.220900
3944838	30.905313	6.675500
3947344	0.036354	0.005200
3947438	0.241458	0.223900
3947519	0.114583	0.007100
3948656	0.227813	0.247900
3950103	0.245417	1.050000
3950516	0.246250	0.292600
3952849	0.220104	0.227500
3957876	0.229479	0.214400
3958306	0.251042	0.188200
3960826	0.096250	0.013200
3961435	0.068750	0.012000
3961893	0.158125	0.008300
3963466	0.238125	0.194100
3963722	0.324479	0.026000
3964283	36.337708	10.965600
3964724	0.410313	0.419100
3968473	0.207500	0.230900
3974122	0.231146	0.315000
3974719	0.232500	0.187000
3975521	0.062604	0.137100
3975548	0.220312	0.218500
3976546	0.247604	0.189700
3977901	0.252708	0.198300
3977921	0.080000	0.004600
3978081	0.057292	0.004600
3978648	0.247500	0.008200
3980913	0.431250	0.490900
3982575	5.458229	0.283000
3982638	0.312188	0.028500
3982719	0.243333	0.213600
3984280	0.248958	0.185500
3984856	0.077396	0.010400
3985417	0.248854	0.202000
3987619	0.235417	0.208600
3988978	0.062292	0.004900
3990545	0.066771	0.005900
3991334	0.019792	0.000400
3992251	0.385833	0.030400
3992950	2.774062	0.095500
3994330	0.247188	0.191400
3995944	0.350000	0.192000
3996219	0.169271	0.284700
3997928	0.219062	0.241100
3998103	0.246875	0.210900
4004751	36.384271	10.877000
4005711	0.028750	0.009600
4006490	0.320312	0.025600
4006510	0.256042	0.008300
4009405	0.278021	0.212400
4010004	0.210833	0.212400
4010333	0.267083	0.203200
4013687	0.372812	0.029500
4014941	0.224167	0.241600
4017900	0.248542	0.205900
4019459	0.272917	0.187300
4020165	0.254896	0.022200
4020184	0.247083	0.192800
4022277	0.176354	0.276900
4023110	0.305521	0.210700
4023196	2.652083	0.092500
4025959	0.247708	0.221700
4025985	0.073646	0.004200
4029144	0.226562	0.235100
4031745	0.215208	0.536800
4034032	0.241458	0.208300
4034841	0.103542	0.005700
4035717	0.243438	0.325700
4039468	0.223854	0.201100
4039494	0.178333	0.023800
4039873	0.251042	0.239900
4040075	0.006458	0.000300
4041138	0.259167	0.007800
4044319	0.420729	0.343900
4046928	37.988333	2.728100
4047433	0.512604	0.453200
4047532	0.218021	0.229800
4049308	0.079792	0.008500
4053271	0.450000	0.368400
4054442	0.222292	0.195000
4055246	0.295833	0.024900
4055477	0.176042	0.294800
4055543	0.261250	0.199400
4055815	0.243333	0.216800
4057847	0.440625	0.365300
4058391	31.659271	9.785400
4059461	0.252604	0.248100
4059695	0.223333	0.386300
4061404	0.274167	0.228800
4061695	0.085625	0.004100
4061855	0.239375	0.176600
4062881	0.249896	0.190400
4063362	0.242083	0.225300
4067057	0.154792	0.215300
4067169	0.246250	0.193300
4067849	0.249792	0.219100
4068981	0.187812	0.458900
4070351	0.259896	0.231200
4071870	0.221562	0.217900
4074416	0.333021	0.024500
4076066	0.365000	0.199500
4076242	0.288542	0.200100
4081966	0.234687	0.191700
4086502	0.169479	0.119700
4086846	0.234896	0.206200
4089458	2.863854	0.096000
4091079	3.378229	0.447100
4091170	0.196458	0.219400
4091756	0.080417	0.005200
4094105	0.391667	0.029800
4094996	19.828333	0.746900
4097816	1.005833	0.038400
4098883	6.921354	0.361600
4099345	84.398958	20.321100
4100664	0.252292	0.195400
4102465	0.219062	0.268900
4104685	0.247188	0.219600
4107469	0.236354	0.197900
4107470	0.235417	0.223200
4108060	0.283229	0.008900
4108925	0.614167	0.393800
4111520	0.279271	0.220300
4111877	0.269792	0.195600
4111966	0.427083	0.408000
4112291	3.393021	0.451100
4113234	0.339271	0.025700
4114788	0.257083	0.008700
4114791	0.355208	0.450000
4115229	5.576146	10.365000
4116519	0.320729	0.024300
4118674	0.268750	0.183000
4120742	0.195729	0.256900
4121230	1.755625	0.060100
4123431	0.266562	0.234000
4124493	0.197292	0.226000
4126006	0.205104	0.192700
4126614	0.257188	0.200100
4126895	0.250625	0.215700
4129134	2.604271	0.090300
4129714	1.253958	0.061200
4130294	0.238437	0.225600
4131547	0.240104	0.196900
4131757	0.286771	0.342400
4132897	0.244062	0.229800
4133903	0.214062	0.226200
4134437	0.249062	0.202900
4134689	0.253542	0.216100
4137664	0.250208	0.218800
4140929	0.269688	0.193500
4140936	0.243125	0.206000
4141587	0.249479	0.227300
4142398	0.253542	0.197100
4144078	0.404375	0.618500
4145455	0.720000	1.271500
4145830	0.211562	0.008200
4145935	0.251146	0.221300
4147782	0.347187	0.199500
4147919	0.203750	0.208100
4153918	0.255104	0.246300
4154050	0.216875	0.231400
4154144	0.289687	0.196500
4154509	0.288646	0.209200
4156079	0.273021	0.196400
4156616	0.124063	0.251500
4157600	0.270104	0.208300
4157740	0.035521	0.005900
4158215	0.179271	0.008300
4161509	2.838333	0.093800
4165123	0.242812	0.202900
4166424	0.163125	0.242600
4167780	0.227708	0.261900
4168741	0.247396	0.207400
4169743	0.265313	0.189300
4169843	0.265313	0.198300
4170755	0.060937	0.087400
4172848	0.393542	0.405400
4173213	0.211042	0.214900
4174777	0.299063	0.009000
4176123	0.291354	0.274000
4177639	49.772083	6.495400
4177818	0.319271	0.025700
4178910	0.240417	0.205200
4179209	0.185521	0.260200
4179923	0.245104	0.225600
4180531	0.223125	0.258200
4181846	0.066354	0.006200
4182741	0.282292	0.008800
4184695	0.221250	0.198100
4185489	0.239583	0.189800
4186746	0.407396	0.446100
4189719	0.236979	0.184600
4191189	0.234167	0.233500
4192906	0.237917	0.186800
4193616	0.213438	0.223200
4194059	0.317083	0.029300
4194258	2.953438	0.094600
4197252	0.247188	0.241600
4197565	0.544896	1.190200
4199886	0.225312	0.204500
4200855	0.387500	0.029700
